0,1,2
1.9949018587182734,-27.164234353027677,-13.447922412485244
0.3025497319895383,-8.754268818716476,-13.373642362825871
1.1334798407049598,-13.732101803118516,-14.025118952376227
0.8510682265250187,-5.8305478028912905,-12.093740535046928
0.6648793254905321,-5.964906270125223,-11.411548381025995
0.3057714713917167,-3.285756031303671,-10.686712589492862
0.3937151981066208,-3.9459210530067823,-10.501865354854177
0.3255025265030477,-1.9419587722026481,-11.134226551738621
0.057373774335499894,-0.3833914175862616,-10.527727604227032
0.17993451983084308,-2.2924064777763657,-10.276359420156748
0.1765983512900523,-0.6622707007123745,-11.01565296624705
-0.055032761085972215,0.49295597176836137,-10.519406999310874
0.09480202625716225,-1.610019467057884,-10.186247682074633
0.11587653553181282,-0.19341134809009342,-10.913746030259828
-0.10413783334034182,0.854128767798312,-10.538964573758188
0.05775165851928163,-1.3553136722849415,-10.191967018988487
0.08737695837396696,-0.008548341519225122,-10.830249553127265
-0.1267451344689492,1.0001904506791814,-10.526180855267734
0.047001188008087086,-1.2677774613059283,-10.247020350669573
0.08152628737243278,0.08057549623958193,-10.795745122791221
-0.13044228063397284,1.0350276838275723,-10.474765800202588
0.0460419574084687,-1.2065307428075944,-10.294928989823683
0.07964119182656187,0.08387086273324873,-10.816280023682811
-0.1275624781363157,1.081732921029059,-10.414647376177498
0.05204459424529245,-1.219109792775574,-10.300944188377493
0.08544184519871914,0.1234269759084552,-10.871694398961845
-0.12064926414096622,1.0591162354564925,-10.384609850954506
0.053502933884952586,-1.1825747832658666,-10.261160888293379
0.08516289456849555,0.096573070724713,-10.91783732158652
-0.11930682162805517,1.0917961830983138,-10.400105184986167
0.052837983963917645,-1.2108533709579086,-10.207279102251348
0.08529153166564826,0.12846454498780702,-10.926485954931426
-0.12167159739653205,1.0634235101815228,-10.446667533799076
0.04672906280353398,-1.1815835288913636,-10.174715763473365
0.07992874272654316,0.10190998406346363,-10.893230105846767
-0.12829573477783185,1.0907942250406788,-10.489723449321126
0.04264043498614917,-1.206951666679573,-10.184331206003579
0.0774789386048564,0.12694425314349167,-10.845683791112346
-0.13268773952097168,1.068972651596349,-10.501207624489583
0.04057385711930822,-1.185236578010588,-10.224667524692231
0.07587603400140902,0.10688788427344731,-10.815574622969583
-0.13343531874051057,1.0885345654941343,-10.47614275138987
0.04359789313968729,-1.2025797419857187,-10.266747593342503
0.07851168479989154,0.12280861137231147,-10.822250707770161
-0.12953991247730073,1.0739292025533862,-10.434835034337338
0.04783029071208164,-1.1889322208850657,-10.281780337578672
0.08165694968131754,0.11024617034888662,-10.857161364921021
-0.12452649469524721,1.0842087048947904,-10.406225859802039
0.051233362509374575,-1.1983818880337966,-10.262667824244684
0.08400994784729017,0.11835160388560606,-10.894771190818316
-0.12164799380360396,1.0762103121100068,-10.408231398820204
-0.257579074431122,0.5000610005278717,-11.0658277546292
-0.749281554687621,-0.2164465460228382,-16.937150119745013
-0.5472585013227367,-0.158920774184187,-13.444899288387886
-0.400075072054665,-0.11620016081631483,-9.37252447317605
-0.2922839928565296,-0.08474667028915098,-12.531731042427612
-0.21277655693375552,-0.061511170115251354,-13.491810621472606
-0.15533920031410187,-0.04485737959338619,-9.983311513623946
-0.11372527479770564,-0.032798721160212006,-9.943292228692385
-0.0819552021539622,-0.023417339613332706,-10.98189977399223
-0.05969795944812574,-0.017001408115195266,-10.567404181495041
-0.04349912082088213,-0.012324050851679265,-10.55334077820602
-0.03174105627725254,-0.00895805022298097,-10.543087094911039
-0.0392077427720135,-0.018610125009242487,-10.52907173878019
-0.046062738380970115,-0.026490591093514808,-10.51818401037972
-0.0518841241263247,-0.032579809441378185,-10.509875038012224
-0.05675572671592053,-0.03723737237971346,-10.503539252916001
-0.04073500041748319,-0.055712226654739516,-10.505467770170425
0.1658516180492649,-0.04833042661919875,-10.623081725808506
-2.9448973919397705,-0.02949646579400896,-9.505578595733127
-1.9677934186850776,-0.034696211226001805,-10.021711153886486
-4.484019404966595,-0.012491169631160176,-8.963394511693899
-3.091523193524961,-0.005963487808135493,-9.46112846176135
-5.303484342016503,0.008743091546155126,-8.580901265908496
-3.6892340628157076,0.01039805365429545,-9.130437858745317
-5.73929829954704,0.020630029952207585,-8.349010263388735
-4.007489926572701,0.019177944161897664,-8.958148901341223
-5.971334141929208,0.027023091730782323,-8.228132320784871
-4.176898897592036,0.023856356106262373,-8.869924141057282
-6.094832918190663,0.030433327789237782,-8.166669092690299
-4.267071069191789,0.026346132459782446,-8.825064313581478
-6.160560328475634,0.032248636025994405,-8.135689567560869
-4.315063336163105,0.027669934708307198,-8.802453952992824
-6.195538428401781,0.03321372860380052,-8.120246928849662
-4.3406036329989535,0.0283727260708945,-8.791183898402466
-6.214151328318818,0.033725934993351,-8.112658595694354
-4.354194033023418,0.028744804853516832,-8.785646727017804
-6.224055350158801,0.03399697556030659,-8.109000197278887
-4.36142484838439,0.02894080725061527,-8.782978036719703
-6.229325405003391,0.034139632874164084,-8.107282387434987
-4.365271570766132,0.029043103851878773,-8.78172577954242
-6.232130045333767,0.034213979624562435,-8.106506319919106
-4.367317770969023,0.02909556977183723,-8.781160873560776
-6.233623173808398,0.034252010882927966,-8.106176545802374
-4.368406135377536,0.029121573533160108,-8.780921672295122
-6.234418707536153,0.0342707655253184,-8.106051187670257
-4.368985036330246,0.029133559621840555,-8.78083161718364
-6.234843222759288,0.03427931593728819,-8.106014666563837
-4.369293006143502,0.029138153279886055,-8.780806339994887
-6.23507041491996,0.0342824912367886,-8.106013399292356
-4.369456922416325,0.029138879891855828,-8.780806726840202
-3.3554602211479487,-0.4481098262609059,-5.600591146448757
-2.529362875146674,-1.2177985855877609,-5.436472998987413
-1.8473826217501914,-0.8881199021847106,-6.79454163024208
-1.3483604762181045,-0.6478894310069604,-7.7983565100924945
-49.89454553299459,-48.86398851097602,-12.348719808364617
-92.64812153692105,-101.10275769275196,-12.246808454266818
-65.16726630812317,-74.76251489873688,-13.128992617040463
-46.17249108237013,-54.7548115618132,-12.829712034570397
-32.16591914631279,-39.923736307936004,-12.97902610028577
-23.47655876489561,-29.138002874311137,-12.313048444023568
-17.134295279726906,-21.266158152364568,-11.827309614698924
-12.5053720347454,-15.52096886142295,-11.472875127917689
-9.126972279633064,-11.327883089766805,-11.214206654562737
-6.66126692947749,-8.267585965286466,-11.02542101415388
-4.8616869531883244,-6.034046962420689,-10.887637218230193
-6.120122145872154,-4.004694090842156,-8.22320010721724
-7.518519453234101,-4.273580221533762,-8.979002086626139
-5.484152649794112,-1.7682649347244332,-10.627919530815209
-3.9814102524530544,0.514817185422864,-9.726061572602786
-2.9059453187772792,-0.8687080757867891,-9.667073516637084
-5.164941103553945,-0.6264774095094247,-9.723189631185393
-3.5906153331791204,-0.45783652583649875,-9.960512633944512
-5.663937490613311,-0.3211744347750739,-9.013105398321619
-3.953526786485102,-0.23092934487852707,-9.442656940038164
-5.93008945374606,-0.15550422403786202,-8.616798018076
-4.1473939132858,-0.1096624357609533,-9.153502247901892
-6.072173513273437,-0.06701499307475722,-8.394728907995432
-4.250914331081861,-0.04504361690377074,-8.991453175577291
-6.148071349328382,-0.01985417670100541,-8.269820090464734
-4.306207971402651,-0.010623165138051952,-8.90030115148805
-6.1886338633572215,0.005269118294582206,-8.199297678019283
-4.335752833482519,0.007710195779547759,-8.848837593474695
-6.210322035586447,0.018651018145180623,-8.159332105304914
-4.351545759777647,0.017474504060844165,-8.819673246169465
-6.221924324110562,0.02577831797696594,-8.136598765367859
-4.3599914970359155,0.02267445995257736,-8.803084299501243
-6.228134745330828,0.029573976658569333,-8.123619707358557
-4.364510401055266,0.02544319985403775,-8.793613584969163
-6.231461363827527,0.03159499471038494,-8.116182675058905
-4.366929648060031,0.026916955098646826,-8.788187145489587
-6.233244797699756,0.03267073797099749,-8.111906098021047
-4.368225685871968,0.02770095342985507,-8.785067006058162
-6.23420195315062,0.03324298519913408,-8.109438426469248
-4.36892054348643,0.028117574561266855,-8.783266866949829
-6.234716389399315,0.033547057798440444,-8.108009797861223
-4.369293435687237,0.02833853576907478,-8.782224922031443
-6.23499343198192,0.03370830321149921,-8.107180075320375
-4.369493781240797,0.02845530229088451,-8.78161998499094
-6.235143063086394,0.03379348923453096,-8.106696721669255
-4.36960158606957,0.028516592396814384,-8.781267770805687
-6.235224235630886,0.03383817985219997,-8.106414329980133
-4.369659716607606,0.028548354783444738,-8.781062172493368
-6.235268574812207,0.03386131801379739,-8.106248892980663
-4.369691156943459,0.028564410114700775,-8.780941888948501
-6.235293061162665,0.03387299305574751,-8.10615171802874
-4.369708240512386,0.02857211873401425,-8.780871389443105
-6.235306821409941,0.03387857829942025,-8.106094493872877
-4.369717591673423,0.028575399742411748,-8.78083001608992
-6.2353147667486075,0.033880934879513644,-8.106060710976914
-4.369722771731127,0.028576340043017366,-8.780805723042874
-6.235319543947899,0.03388158621293662,-8.106040715065198
-4.369725697716859,0.028576049854549354,-8.780791466776758
-6.235322581812574,0.03388134274035351,-8.106028845890158
-4.369727402748226,0.028575119942330383,-8.780783118298118
-6.235324653185216,0.03388063565745947,-8.106021776845983
-4.3697284443326625,0.02857386377369674,-8.780778251372434
-6.444996113023942,0.03407453116979317,-13.555147205261633
-3.5635859370358105,-0.4895291023575522,-9.105551203603701
-2.6098615710319493,0.9677598690609631,-7.877490325468514
-1.0094056655747532,2.145502880078825,-12.556255878358183
-0.7233785171981144,1.5612796064570964,-11.770487918694917
-0.5282509813364344,1.138992874720358,-9.675396474710926
-0.38565752947273196,0.8312144770047094,-10.790891871971274
-0.28144102076714317,0.6066329351647803,-11.364758685925834
-0.20539139740317813,0.4427315488771435,-10.487824910238643
-0.1498889454384704,0.32311335295235705,-10.495330776704845
-0.10939903597120026,0.23581313900893253,-10.500760694943043
-0.07984696916575977,0.17209969504293543,-10.504718009326366
-0.05827815031258422,0.12560046230640914,-10.507605527817786
-0.04253614308214164,0.09166455048213312,-10.509712842278441
-0.031046856111320322,0.06689761641452924,-10.511250798143108
-0.022661400221176832,0.0488223835591326,-10.512373220400148
-0.01654125827077999,0.03563087642259308,-10.513192370383347
-0.012074442861966524,0.026003593743274718,-10.51379018045405
-0.008814298827804642,0.018977535421955183,-10.514226448248284
-0.0064348377393561125,0.013849884894625915,-10.5145448166739
-0.0046981390439674135,0.010107713755699434,-10.51477713816345
-0.003430558038383512,0.007376678273158174,-10.514946659925252
-0.002505361123773155,0.005383576744440495,-10.515070348801231
-0.0018300526640096823,0.003929022964890786,-10.515160587854988
-0.0013371252711226254,0.002867502576276301,-10.51522641476766
-0.0009773090688021372,0.002092817871213467,-10.515274425605666
-0.0007146447540910943,0.0015274649576988639,-10.515309434403349
-0.0005228875905706335,0.0011148811692966868,-10.515334954677959
-0.0003828830559903714,0.0008137869442415525,-10.51535355068292
-0.0002806512541842151,0.0005940564441603461,-10.515367093895424
-0.0002059890563697277,0.0004337038550024161,-10.515376950190129
-0.00015144971690872187,0.00031668416443761437,-10.515384116406857
-0.00011159823874389143,0.00023128779063857837,-10.515389320055805
-8.246789305693732e-05,0.00016896924148921354,-10.51539309210462
-6.116355862277893e-05,0.00012349215932357685,-10.51539582004344
-4.557222112211411e-05,9.0305374903409e-05,-10.515397786652535
-3.4151685211872464e-05,6.608749364786776e-05,-10.515399198271583
-2.577634663375556e-05,4.8414737282094406e-05,-10.515400205536064
-1.962464502715741e-05,3.551828632961743e-05,-10.51540091832612
-1.5096938210866035e-05,2.6107292440221798e-05,-10.515401416845103
-1.1755569243454116e-05,1.9239785543978725e-05,-10.515401759579648
-9.281101448658422e-06,1.422834254070568e-05,-10.515401989189968
-7.440348468972511e-06,1.0571265147279115e-05,-10.515402136855247
-6.063044785026215e-06,7.902514828351137e-06,-10.515402225260896
-5.024991552715616e-06,5.954968381823632e-06,-10.515402270952551
-4.235426948781177e-06,4.533677998599441e-06,-10.515402286024136
-3.6281357676355007e-06,3.49642202303222e-06,-10.515402279253541
-3.1547622246827776e-06,2.739357984816998e-06,-10.515402257040943
-2.7799707638640583e-06,2.186743903104149e-06,-10.515402224039427
-2.4779702199871812e-06,1.7833872003309558e-06,-10.515402183659715
-2.576703565638186,0.6417623450440312,-6.49579307042728
-3.5798057174703564,0.5405518268062426,-4.624153902095207
-2.6088637208697247,0.3963035462325545,-6.200741948167039
-1.9039154371505895,0.2893992668756278,-7.364493579499891
-1.3895434816154735,0.21124738670282012,-8.215526002647763
-1.014146383350273,0.1541914517100791,-8.83682957340991
-0.7401668788822859,0.1125448006697772,-9.290303926915712
-0.5402049608428329,0.08214667917754745,-9.62127140622386
-0.8969909008188071,1.7740514968672423,-8.789906778688106
-1.530371143586263,1.6147737469213879,-10.046376662830196
-37.02091105641876,9.699455718283831,-74.6164880980672
-68.26542052523938,31.06593598872569,-133.0327236374934
-50.65990845605893,22.735161369594223,-98.21126727450623
-49.99982272639516,15.990905664781327,-112.8018441180773
-55.720761482973444,15.399776374417128,-116.25518533273616
-41.445761124904244,8.178195987435323,-90.39789908773507
-28.717642154921787,5.954202404073527,-69.60485748299564
-20.95781433371415,4.345373208264983,-53.64260580152566
-15.295660633675892,3.171381661783479,-41.9917518941174
-11.163405687327888,2.314586621345596,-33.48825427892285
-6.8055745053433085,1.7153671710265388,-27.999415420547766
-3.442164491873461,1.2424417677211046,-24.062507435337203
-1.1659386367991815,0.8751200097912011,-21.106499716633042
0.6741176830551929,0.6292564227423707,-19.03074155554259
1.8307446221181494,0.4561138454099949,-17.43822728920772
2.86120334606422,0.32182753185432394,-16.353195910025185
1.409623584953723,0.22771883477852384,-20.686402194913775
0.10465950414111069,-1.21104555420257,-17.03838484482706
0.07650069090460751,-0.8866200312130559,-12.109752108783258
0.055684862574731764,-0.6475388823335803,-13.622825000979038
0.0407928611323089,-0.4727740580414346,-14.394932399433138
0.02980319330875571,-0.3451696806244191,-11.314735130635567
0.021648134737004946,-0.25201167500302024,-10.669288886050355
0.01566898444941729,-0.18400028440391142,-11.959942387277737
0.011454008916516382,-0.13434513651030736,-11.514760596287044
0.008375098552238825,-0.09809224862871699,-11.244879587282526
0.006108903217831545,-0.07162430095716188,-11.047821010379158
0.004456013701897166,-0.05229957612328288,-10.903987138827409
0.0032504321280654547,-0.03818988414897363,-10.799009440860033
0.002370723923603363,-0.027887620361195485,-10.7223919137742
0.0017287334389026786,-0.020365170792530564,-10.666473027666225
0.0012602239806152123,-0.014872316439747579,-10.625660934930512
0.000918328631431522,-0.01086134275794001,-10.595874445242536
0.0006688432607225006,-0.007932370533562482,-10.574134925268313
0.00048680382607249595,-0.005793447038126227,-10.558268437615672
0.00035398994873336485,-0.004231412296079799,-10.546688347425633
0.0002571031123338251,-0.0030906307238576756,-10.538236658981104
0.0001864372381126885,-0.0022574644905311325,-10.53206821620931
0.0001349081092137242,-0.0016489383607311181,-10.52756618712696
9.734521192344759e-05,-0.0012044643613590576,-10.524280380691144
6.997469915455103e-05,-0.0008798004015320564,-10.521882227681237
5.0042164397937164e-05,-0.0006426391541788266,-10.52013192385368
3.553730891071744e-05,-0.00046938785206803715,-10.518854449570169
2.499282841052155e-05,-0.00034281693945076525,-10.51792206774216
1.7337795742752148e-05,-0.00025034344434066966,-10.517241550261181
1.1790604918882118e-05,-0.00018277750756625795,-10.51674485510419
7.780795043130523e-06,-0.00013340703474262652,-10.516382322223778
4.892031510363954e-06,-9.732943721577651e-05,-10.516117707523874
2.820441257489202e-06,-7.096373898458731e-05,-10.515924558437044
1.3443116417112554e-06,-5.16940480422927e-05,-10.51578356870526
3.017844023829139e-07,-3.760942666684251e-05,-10.515680647772239
-4.2523220097613844e-07,-2.7313797501725222e-05,-10.515605511684177
-9.229108942782623e-07,-1.9787218640161828e-05,-10.515550654775325
-1.2541101455714335e-06,-1.4284408038663288e-05,-10.515510599038022
-1.4647220059166025e-06,-1.026083995521459e-05,-10.515481346385073
-1.588166737379155e-06,-7.318634673115097e-06,-10.515459978795272
-1.6488484496961574e-06,-5.1669456301985566e-06,-10.515444366586081
-1.664539098775674e-06,-3.5932217060426764e-06,-10.515432955397383
-1.6482007610717755e-06,-2.4421337878549003e-06,-10.515424610764192
-1.60928503318289e-06,-1.600077147788705e-06,-10.515418504691178
-1.5546283224170508e-06,-9.84061452203112e-07,-10.515414032867293
-1.4892264023328428e-06,-5.334164292104128e-07,-10.515410754229181
-1.4167036798518219e-06,-2.0369888537663747e-07,-10.515408346846568
-1.3396898244033677e-06,3.752317227726951e-08,-10.515406575769946
-1.2600608436099975e-06,2.1397864801384677e-07,-10.515405269485147
-1.1792078197951257e-06,3.4305161147635583e-07,-10.515404302793453
-0.010850625425100584,-0.0001967344087204777,-28.540874875677737
1.5429429679258908,0.01089841012263346,-23.92579441634942
1.0993024885493876,-0.011079018587849994,-20.24282301540413
0.7666959197367808,-0.02731564270417825,-17.59476855727295
0.7386542687365556,-0.026842626283031,-15.706484157752707
0.9555165665715687,-0.9682392791821148,-2.654381707588138
0.39101064623390547,-2.0831844000893995,-6.460690860136248
0.2838996200436232,-1.5207711868863245,-13.676446763320444
0.20696463247056346,-1.1097313699508478,-12.497477398154514
0.15053355198012952,-0.810000039049798,-8.04537115298515
0.10935088193715756,-0.5912117905811616,-10.694733366424144
0.08029620833686392,-0.43117441201693646,-12.880802282399461
0.05873181827796327,-0.31459130342773867,-9.803221629959996
0.04248799815063828,-0.2296854224073514,-9.25008692916008
0.031039052301166756,-0.1675385224206394,-11.514410445077393
0.02281552644855332,-0.12217074466670169,-11.222846315088763
0.016306535557009793,-0.08923226166735043,-11.009593933736301
0.02784028694322606,-0.05220065810921088,-10.884775775758897
0.03740603131638036,-0.025235069823025612,-10.792089826639177
0.04524085749280466,-0.0052263620158910645,-10.724771197219045
0.05166116588562774,0.009611462608688006,-10.675936642662586
0.056911054629218735,0.02061532016335656,-10.640537997560358
0.06418062501142117,0.028820795430216893,-10.61644410178201
1.5833417975593573,0.01318389392014956,-10.976646189598709
2.5016460284107733,0.005575696006356805,-11.303112895901801
3.3582438549999916,-0.0068318751224865715,-11.611443074521127
3.794386252516441,-0.01023090350834019,-11.843755747649428
4.300437520996216,-0.01861684105109293,-12.047778344041385
4.481313761818898,-0.018916291699942557,-12.186711103279379
4.801353007270805,-0.024999735360764445,-12.31260187769184
4.846854685089998,-0.02358240763231929,-12.378312629110912
5.067939368456313,-0.028416234992563003,-12.458581329162776
5.041414074612352,-0.026069636280905972,-12.474944357787763
5.209827109038602,-0.030236474670918185,-12.532786881600762
5.144964656082957,-0.027391861692418466,-12.523168497043002
5.285335897315548,-0.031204970827538814,-12.570197070413581
5.2000719840449685,-0.028093366185771722,-12.546900876863004
5.325515307897983,-0.03171962686237431,-12.588850199548663
5.229396178727886,-0.02846433941304272,-12.558365405464885
5.3468931028660895,-0.03199253476262936,-12.598018932285129
5.244999164019935,-0.02865937030401605,-12.563763598474722
5.358266215983875,-0.03213669428170382,-12.602440738573902
5.253300872307832,-0.028760798651358638,-12.566212364299703
5.364316350721161,-0.03221230589780963,-12.6045176719709
5.257717944341063,-0.028812478263472358,-12.567259761158708
5.3675348073367815,-0.032251441175666876,-12.605456130874401
5.260068479013029,-0.028837760876465276,-12.567662844803072
5.3692471213682875,-0.0322711837562459,-12.605854726027793
5.261319813774302,-0.028849079958986012,-12.567784218004967
5.370158459709135,-0.0322806340200244,-12.6060058339603
5.261986555004238,-0.02885305303071816,-12.567792555870136
5.370643900076971,-0.03228463870435476,-12.606049252509864
5.262342419389308,-0.028853199887358027,-12.567762976115345
5.3709029092069445,-0.03228577822199511,-12.606049851329805
5.262532969384347,-0.028851390592182,-12.567726624996947
5.371041542041123,-0.03228542549506685,-12.60603640767658
3.7197435462406183,-0.6024113348267887,-8.743598008040166
2.6231896831900974,-1.3604605129388343,-7.761814240723861
1.9131460820913875,-0.9932786185067042,-8.496137301640161
1.3962359867559186,-0.724757929746795,-9.040739164562078
1.0190359863459273,-0.5287689077322582,-9.439018511651149
0.7437367173816545,-0.38575994323768226,-9.729778577322534
0.5428092355641385,-0.2814159718600799,-9.941999517325762
0.39616249585653296,-0.20528596789115566,-10.096892376455408
0.2891325706371473,-0.14974299349981796,-10.209943378699595
0.21101691728015426,-0.10922145807191161,-10.29245565612808
0.15400429898040105,-0.07966009653425374,-10.352678894751074
0.11239370417543672,-0.05809542577218921,-10.396634183722972
0.08202426369132672,-0.04236505496566367,-10.428716062008103
0.043772198388957385,-0.04188573301360469,-10.445827482917366
-0.4555372979912517,0.0865174833935149,-10.970616899927197
-34.45218538765503,16.88211982584174,-58.47045585274185
-25.96388826191287,12.617926389059873,-47.09212277316622
-15.732224638346906,7.0319361140868555,-42.894696319750246
-30.0969241567659,17.35085419891658,-86.69205263691785
-27.695311597475825,15.16742671372979,-79.4869271702598
-20.19570668280768,11.06744465354181,-60.846635674095204
-14.735376459281085,8.076938454188934,-47.251245472196814
-10.753800215606017,5.894793590494459,-37.3273197501817
-10.886284852182472,4.301311637528029,-28.562143612736975
-7.7707688502962755,3.1619538168813124,-23.71801629122768
-8.67357164679517,2.3020488563874,-18.65154183473794
-6.1522341033753385,1.6759956032670766,-16.478960122401748
-4.791495226891232,0.16200373396863688,-12.177626117695159
-3.497268312609961,0.11819235128885333,-17.848984161482292
-2.345449264991972,0.1376508747856154,-13.96861835683186
1.8083702794853869,-1.1888567747996068,-11.79928152212201
2.246092097874632,0.41668790492556007,-14.745495461732325
1.6440388634269647,0.30382586722455823,-13.986132645907864
1.1983439394692597,0.221196145418169,-11.733342673547336
0.8744183707573345,0.16150293451827696,-11.766209345326542
0.6381777754375986,0.11796147790644478,-11.727813438458544
0.4657918103168091,0.08618634056237397,-11.188817209841444
0.3399783818959703,0.0629846772019034,-11.006855035797468
0.24813271449235597,0.046027650669880564,-10.874074228343972
0.1810955871619227,0.033639737343547915,-10.777169544740543
0.13216811076789092,0.024589533734227023,-10.70644608551518
0.09645840815050061,0.01797713476235148,-10.65483023379296
0.08746941299126214,0.025997972316753958,-10.624284544370594
0.08178137349888276,0.0321976696654156,-10.602301037049049
0.07836359237014512,0.036973161912486806,-10.586563043253028
0.07645742504451339,0.04064278241134668,-10.575328840566351
0.07849659721271458,0.043490999134834916,-10.568859679861879
1.4054583312713647,0.0019756703325664662,-10.616685769686356
2.5529893980545717,0.009902125517935845,-11.374619831387
3.188827225277739,0.013328876547826093,-11.322604268242848
3.8575572595768457,-0.001306224507983629,-11.826889700296315
4.161186725820651,-0.0031593487022674987,-11.790522924329442
4.568939640956853,-0.013465203880465283,-12.116580601209424
4.680856511116458,-0.015259531486405487,-12.084602932952206
4.949159327137652,-0.022391788938461575,-12.300225781083666
4.958369270456232,-0.022055546834438926,-12.268534756249482
5.1522655505575745,-0.027350334167316553,-12.415811631825783
5.106638737811073,-0.025707131402422725,-12.382960594986736
5.260819206747509,-0.030009170540172943,-12.488094506830196
5.185892254037573,-0.02765361957744402,-12.453818142924405
5.31886659533512,-0.03142564675217118,-12.533049580410989
5.228274771293731,-0.02868883115623546,-12.497525088216983
5.349922417173458,-0.03217891541581343,-12.560879776244832
5.250951433986551,-0.029238442076047838,-12.524395744358008
5.3665469889520905,-0.032578972078959274,-12.578041761906928
5.263091709634956,-0.029529455796079383,-12.540869229523421
5.375452118050292,-0.03279101137545313,-12.588590322110882
5.269595676151063,-0.029682802439270607,-12.550944342539728
5.380225850514039,-0.032902992532624,-12.595055864390034
5.273082960321356,-0.029762888738841354,-12.557093541428522
5.3827871794829525,-0.032961741018386934,-12.599009304437438
5.274954671264321,-0.02980401533369134,-12.560839932938475
5.384162954440615,-0.032992182222408906,-12.601421672062655
5.275960573074534,-0.029824448019297675,-12.563118881872505
5.38490294926935,-0.033007582771910356,-12.602891010132048
5.276502110389855,-0.02983391266301314,-12.56450329469675
5.385301698661845,-0.033015002911701806,-12.603784513523355
5.2767943651103915,-0.029837586634198644,-12.56534328196983
1.9337619982332215,-0.04537344324943861,-8.389156688115726
-75.42424598913153,-4.726606902328983,-44.70588498354187
-215.04324540301087,0.9292636621848844,-111.9022421459357
-315.3063710487928,8.545161645166504,-194.8918750361131
-336.4512805483269,6.2879221462925,-245.11511932784376
-289.69321544853517,6.692533225898442,-219.12308027270913
-211.3635568311792,4.884785919437086,-162.76220810344543
-154.25022383298855,3.565968718039038,-121.63401036060847
-112.57673124240264,2.6025968287447965,-91.6151274361003
-82.16317269364103,1.8993330136207445,-69.70559217840109
-59.9662476766608,1.3860653674825771,-53.71498381217659
-43.76599019930853,1.0114857908114618,-42.04433141203658
-31.94233763148787,0.7381250129908012,-33.52658078682874
-23.312919498250096,0.5386339529842726,-27.309956475741245
-17.014792937907345,0.39305249537523057,-22.77279443743057
-12.41814485457105,0.28681355410041903,-19.461377005033178
-9.063310145327845,0.2092860223340882,-17.044561240134282
-6.614805118941959,0.15271133405592224,-15.280664605972957
-6.3905308480364456,1.4622341248163058,-12.939979753220612
-2.9006180057476216,9.735148725688337,-14.845159400137332
-2.1109831777752,1.7352890378514063,-13.641767685633761
-1.543740708781463,4.962059082421931,-12.436045572838896
-1.1266550161171802,1.0169749441224005,-12.076820796180224
-0.8223553969107487,0.7422878950867859,-11.65490347497033
-0.6001951028403201,0.5417180554534735,-11.347043700427921
-0.4380492760886171,0.39533289456700704,-11.122363665956643
-0.3197084527662972,0.2885008629023533,-10.958384412508991
-0.23333842811448258,0.2105358264091324,-10.838706225319616
-0.17030200440751936,0.15363814276840881,-10.751360619499696
1.4093857878732283,0.10843255767423382,-11.314245306361107
2.381545573811902,0.04845309297852913,-11.561775565271123
3.271313015466706,0.04401324055721898,-11.892717284527714
3.7117142645261008,0.041314354029152525,-12.011155354367821
4.242688336381754,0.01914746818125932,-12.213433306199569
4.450929970017378,-0.018372765197022474,-12.250652085362397
4.782014743956099,-0.0046549711317078295,-12.383117557669177
4.814322395146823,0.005385816795049837,-12.388967305220675
5.047644986497155,-0.007084043108773377,-12.481742455842092
5.038405547884393,-0.03766832753044039,-12.458462286769088
5.2109155591096705,-0.018746167893825955,-12.53031294300662
5.127316378191141,-0.004880759775451257,-12.50360416298334
5.276162755371138,-0.014578446617819105,-12.562719864367198
5.205178336691488,-0.043187052561013475,-12.521896003496016
5.332682565395324,-0.022776742839260188,-12.5749916153897
5.216171014447631,-0.007812202279865682,-12.538818472640427
5.3410420331308055,-0.016719351308750546,-12.587447946264986
5.2525268500822575,-0.04476795587929162,-12.541509726908034
5.367257210408653,-0.023931342971659775,-12.588721420073501
5.241397469280821,-0.00864943728253087,-12.549780842165173
5.35946395540934,-0.017331726192383948,-12.595096828631965
5.26597106977753,-0.04522220049146984,-12.547657731082797
5.377075704847936,-0.024262972485205345,-12.592996921851192
5.248559141841364,-0.008887904812677375,-12.55324126336837
5.36469464042753,-0.01750697639178104,-12.597495045302857
5.2697885485234055,-0.045353366695586914,-12.549611792886024
5.379864097152242,-0.024358583404224615,-12.594346608035773
5.250591315506996,-0.008954880043332414,-12.554348719588276
5.3661791476403975,-0.01755694390927656,-12.59825720099747
5.270872162325548,-0.04539156938279683,-12.55024102087359
5.380655723344558,-0.024386287543429603,-12.594778234333935
5.25116681486705,-0.008972651486248895,-12.554707508694545
5.366599628661787,-0.017570887579416994,-12.598502335013801
5.271179270856241,-0.04540287087612484,-12.550445682448437
5.380880094741627,-0.024394356931681467,-12.594917662194812
5.251328681419342,-0.00897629437694489,-12.554824660469453
5.366717905984305,-0.017574416976630716,-12.59858174673969
5.271265818770922,-0.04540630008611454,-12.550512379533016
5.380943305144941,-0.02439669824593358,-12.594962784595488
3.9022450431778744,0.14155292530360658,-3.9504411918806674
3.207243284126346,0.08182987707120992,-10.425223418129779
3.728556958936604,0.9242632460632306,-15.645673450362546
2.722532253045263,0.6722712234215947,-10.751989562017085
1.9863845141055045,0.4906388588858359,-8.59204518925305
1.449802663204403,0.3579188223880201,-12.739554348576142
1.058670276503828,0.26095534236550677,-12.468067277506627
0.7716064513568907,0.19084491419315983,-10.097206843364345
0.5628812633048313,0.13932815678877883,-10.811478597624994
0.4108669917269428,0.10162994493424413,-11.481928597505922
0.29993543637961495,0.07412720357232247,-10.657649299964834
0.2189664570934689,0.054050014536802166,-10.619211279471855
0.15981651925929988,0.039425199984484675,-10.591162804433838
-2.9386962362968485,0.02831334341833738,-9.640274276668803
-1.9698165247770856,0.04413196038128653,-10.110829173956617
-4.452770071978144,0.02633512449784661,-9.02127017509548
-3.075965516493257,0.023179827579075746,-9.53334645158299
-5.313881431480985,0.020920686787766027,-8.627178381518005
-3.7030447061579825,0.03884831958185318,-9.169940296004645
-5.715736449778415,0.022822224032952813,-8.383483343962125
-3.9974391330190193,0.02102186937659094,-8.983089548719144
-5.9854154138154385,0.01935332929880159,-8.244191259955288
-4.193733232993626,0.037362623554677454,-8.886704909196482
-6.0736407372478425,0.02179066724031548,-8.186274879925508
-4.258568160559999,0.020296708140823086,-8.839159778272826
-6.1756079745579555,0.01883553483923567,-8.144903866776795
-4.332639987858544,0.03683842014007341,-8.814251053975033
-6.1749549209269325,0.02142763088282157,-8.136831312847118
-4.3323823283806995,0.020127720251051546,-8.80308956817842
-6.22930914563881,0.018710009504540374,-8.120668344060533
-4.371875653223044,0.03668438676251909,-8.796566897744796
-6.203572909145793,0.021317689442811698,-8.125168210217701
-4.353134569439032,0.020138041780701797,-8.794594879470061
-6.24436061683021,0.01871258348575005,-8.1152317103768
-4.3828826836448185,0.036655067707893244,-8.792600782512654
-6.211606514520195,0.02129406365300486,-8.122723708474936
-4.3589087735585625,0.02017604564891499,-8.79282333119263
-6.248538382754895,0.018736699403033696,-8.11421612962978
-4.385936840873792,0.036664537653646787,-8.791860494785686
-6.213828662617974,0.021299074126027266,-8.122347561406007
-4.360529437798654,0.020179949141845864,-8.792551397886857
-6.249720916766114,0.018738207874951437,-8.114115691361985
-4.386798686971032,0.036666439040105595,-8.79178767463793
-6.214452602546029,0.02129875605216532,-8.122354196730583
-4.360982748555712,0.020179953364341124,-8.792558672634941
-6.250054247648247,0.01873696215848398,-8.114156050854465
-4.387040135051746,0.03666741464273769,-8.791817474723693
-6.214625086898801,0.02129773948211329,-8.122397904950557
-4.361106455064838,0.020179274609290462,-8.792592778567709
-6.250147725355723,0.018735326243995747,-8.11419326152861
-4.40976378688689,0.046177933664240875,-25.33244050508557
-1.6724810255982239,0.09680264044464446,-21.625169174447496
-4.303680928368358,0.09089017212972161,-17.039774297153937
-2.9667962410081725,0.07391630506653839,-15.298195418565161
-5.223022482642095,0.0584289613148113,-12.479246252238438
-3.8424081474105454,-1.4564624548494405,-9.860720409656967
-2.806524236442576,1.7325787153822079,-11.202245067987748
-0.8522203174983454,0.28491095191543203,-12.294583470120138
-0.6218588807685703,0.1849255939628293,-10.701432933277736
-0.26789403530227757,0.6404059458880693,-10.507038998397519
-3.2085393437262657,0.42011328058457464,-10.013750704843769
-2.1682546778762983,0.31087488810469077,-10.172796598949843
-4.646043146928442,0.23116843611586665,-9.18885129932434
-3.217448754576184,0.19016248379854872,-9.576313958464047
-5.360152434537603,0.13357452962607258,-8.73519797792735
-3.7383423135078164,0.10148203941901257,-9.239626840675477
-5.79422084808864,0.07819064049215142,-8.464830370672578
-4.054830378134962,0.07947697122899872,-9.047807326328314
-5.971957219791012,0.052604183131013935,-8.32375781819639
-4.184445933419255,0.042434396824419116,-8.939402564325638
-6.120590739694986,0.03505054093294913,-8.230185918259846
-4.292817565224881,0.04832703007923306,-8.876526480275379
-6.145892760035299,0.02980156326688138,-8.189449174702254
-4.31115970280396,0.025858938520633833,-8.841411572298108
-6.213333676286267,0.022934422635337917,-8.153056504936693
-4.360430484309507,0.0396025165759927,-8.820224930243077
-6.195325079893269,0.023407715920203232,-8.14499494948492
-4.347194180710219,0.021189443277191796,-8.808976064448968
-6.239745606979513,0.019519837395200322,-8.127351042665756
-4.37967564398816,0.03715839921918981,-8.801460915132733
-6.20939777959854,0.02161353731103117,-8.130084446477499
-4.35744773044179,0.019879445509466416,-8.798098581046451
-6.247272470559542,0.018560604106129714,-8.118676574519103
-4.385156258984994,0.036477341030493465,-8.79512898511613
-6.2134054723465155,0.021111571949217353,-8.125023767445644
-4.360364935742028,0.01951292714095638,-8.794408229351227
-6.249419693411798,0.01829124033076474,-8.115716752594343
-4.386717463541926,0.03628912279647424,-8.792968602171301
-6.214545916881845,0.020971384591568373,-8.123288427307406
-4.361193133466165,0.01941049431615938,-8.793144077918212
-6.250032857479725,0.01821516728680574,-8.114697412989948
-4.387161675801634,0.03623796356709363,-8.792224723286713
-6.214868897338179,0.020932090005046252,-8.122688429911681
-4.361426191061602,0.01938163780715105,-8.792708122513783
-6.250208011401943,0.018193071837534137,-8.114343958129545
-4.387287286165797,0.03622460612883206,-8.791966914676888
-6.214958705550387,0.020920792939030035,-8.12247987653211
-4.3614897531857055,0.019373126321194735,-8.792557575975977
-6.250257919406829,0.01818599682480493,-8.114221061462361
-4.38732198789139,0.03622150855765975,-8.791877393597332
-6.214982079568251,0.0209172179538371,-8.12240739122169
-4.361505208155218,0.019370158669490056,-8.792506119381255
-6.250271962870757,0.01818309345366259,-8.114178565743742
-4.387330795082284,0.036221088763062986,-8.791846547496991
-6.21498665531527,0.02091575894101566,-8.122382497189342
-4.361507198322624,0.01936864871960895,-8.79248921479329
-3.416610188336688,0.4336488486475757,-6.890791691984903
-1.355353029276412,-1.1437230518503774,-15.152193964195442
-0.8216657389882077,-0.3927715624536591,-15.207389092136557
-0.6345263116140686,-0.2538999891410343,-9.958646750435076
-0.46426708753603546,-0.1854795609617281,-10.85274499703402
-0.3385058466044649,-0.13567388726309407,-13.42021981861452
-0.2467621057699273,-0.09921167815903151,-10.893840921238082
-0.18040804803491595,-0.07237091329545844,-9.528191676246736
-0.13171301257816548,-0.05289717418844496,-11.422639011970793
-0.09598205074617297,-0.0387184454593568,-11.456821062028563
-0.07006233326692157,-0.028281917537164192,-10.33105090913712
-0.0511080927215178,-0.020689540009904937,-10.380845700128459
-0.03729902197725882,-0.015131810384343448,-10.417191935580666
-0.027223788168895258,-0.011068881352916324,-10.443720500526222
-0.01987101069356865,-0.008098836948585191,-10.463083053261924
1.5183764743299135,-0.009482105700155372,-10.862113394628771
2.4567998620057736,-0.038775524660223715,-11.215564171118242
3.3210027996651608,-0.01986333846892171,-11.545405899978165
3.7419021502043877,-0.004553027510640753,-11.789815063492668
4.257877418427218,-0.014317643577901006,-12.008719209403214
4.4543161948199215,-0.043536047957091414,-12.15700644951582
4.777036074210536,-0.02310032503506172,-12.291272005838483
4.803598686180884,-0.007333410155026074,-12.360795107865547
5.032089609330275,-0.016390278653131113,-12.447186510900586
5.0196467152140345,-0.04483148932834477,-12.456796003513034
5.18932014031382,-0.02401459147003766,-12.520737762018452
5.1044001450578085,-0.008134516170639382,-12.511126709825884
5.251442660370205,-0.01697054746739387,-12.563251587701739
5.17974381235235,-0.045137498696909376,-12.531269423207819
5.306049902396496,-0.02422542352745276,-12.578912798460541
5.189467043394165,-0.008380626487469633,-12.547402540940908
5.313462309746153,-0.017146752300169432,-12.592022478663347
5.22500475517636,-0.04522228978897502,-12.548562669668781
5.339041136506727,-0.024281976521047927,-12.592917038068979
5.213540356445742,-0.00842982730011159,-12.55539104430169
5.331007051344783,-0.017184743149438735,-12.598683917912025
5.237813401848133,-0.04523693402351689,-12.55208266826985
5.348374210370461,-0.024291221481808407,-12.595986356717004
5.220352448542892,-0.008435663426456862,-12.556823774137026
5.335969730378065,-0.01719070393241258,-12.600030100120392
5.241437096807995,-0.0452374571122684,-12.552578782864375
5.351013354814025,-0.024290846184837855,-12.596529454603814
5.222276880957125,-0.008433289311652211,-12.556927324699005
5.337370948109143,-0.017190468274137054,-12.600214292545
5.2424606870856225,-0.04523666344683905,-12.55253631781314
5.351758327672587,-0.024289786153376677,-12.596563994065498
5.2228182948923525,-0.008430082322691573,-12.556845913024123
5.337764867063983,-0.0171894556713588,-12.6001940932029
5.242748780702164,-0.04523638146298363,-12.55245672104417
5.3519677753383466,-0.024289227204668733,-12.596529659903732
2.6357483123188272,-3.5108290771615676,-12.86737107770219
2.683938770368882,-2.153640903898631,-12.775764611745329
1.9586660329045966,-1.5689357476289159,-12.14517459397782
1.429536559297276,-1.1446225062615583,-11.702780687213014
1.043343763889638,-0.8352289379204882,-11.381764626063775
0.7614781064452023,-0.6094737111943875,-11.147670857353408
0.5557587277231503,-0.44473179330871426,-10.976842721436782
0.4056150769288308,-0.3245133275862656,-10.852169880133102
0.29603324678015197,-0.23678643614971073,-10.761180746236871
0.2160553154210157,-0.17277061982910297,-10.694774800810338
0.15768368068690694,-0.12605802954536927,-10.646310350998169
0.09900860678455037,-0.10296250654104667,-10.604630287630009
0.05551103156374471,-0.08763641636007263,-10.573398828341537
0.02268569453926022,-0.0769935939807811,-10.550142271902564
-144.1545392592991,-49.34085420059743,-25.04811977354243
-108.41191281109704,-38.057937973749056,-17.29020137755024
-177.03710988236168,-76.94459542289664,-5.512059825600721
-129.13677718411176,-56.14101908620404,-4.155139637816728
-94.9415130832493,-40.61066183469772,-5.26849632079181
-68.17131590070129,-30.175874419513505,-7.75767748636321
-50.17815692536708,-21.84598801329743,-8.04227206237143
-36.18990079212152,-15.882678222115475,-8.914419992071231
-26.412922350958972,-11.591876019547168,-9.346872206596322
-19.277288668371256,-8.460285973240772,-9.662571893850165
-14.069406424151758,-6.1747106593823595,-9.892970029435832
-10.556555693008132,-3.883843844785377,-7.383067164315894
-7.546058127910282,-4.185381551569602,-8.211351850372818
-5.505761022797609,-9.903301068435315,-10.202224151710425
-4.038646010511484,-2.7255251385419097,-9.750639447103747
-2.9465718663397604,-4.403055767968794,-9.633270608728012
-2.1465689461343547,-2.619907521472057,-10.167825284839877
-0.2314066756071409,-1.908231426999651,-10.654634392329621
1.3557093791373964,-1.4033902176056419,-11.26091930108053
2.3282495326388553,-1.0287644462486778,-11.504155025180047
3.2244796444740516,-0.762040878590332,-11.860608824616858
3.6921816596474355,-0.5611498184968955,-11.974456644433664
4.220306389619983,-0.42077582025250015,-12.191626505162885
4.418987824260029,-0.31212595389838854,-12.235746664601022
4.750983298328698,-0.2390247558946199,-12.374966129457947
4.806312844656609,-0.17948288189982775,-12.381420843143117
5.03380363020816,-0.1422133859254531,-12.476854518223599
5.012737700522635,-0.10882723758213764,-12.46292617636258
5.184541922654262,-0.09064422207618321,-12.53367350865261
5.122759721995973,-0.07118999744024763,-12.508694585363093
5.264889197531321,-0.06317410365415208,-12.565471805310828
5.1814049383186465,-0.051140702474334,-12.534490258670786
5.3077201653619985,-0.04854090868588498,-12.583332157429574
5.212667654343576,-0.04046003495326461,-12.549083212247373
5.330554589996427,-0.04074562537727859,-12.59340091403755
5.2293351321655965,-0.034769798120873587,-12.557369440216435
5.342729791257067,-0.036592735931777545,-12.599098266599004
5.2382224994639195,-0.0317378486296243,-12.562092001220588
5.349222526386349,-0.034380069029077656,-12.60233405622412
5.242962217569414,-0.030121917166479644,-12.564793361852082
5.352685597148442,-0.033200919784323824,-12.60417856940904
5.245490541356681,-0.02926028064034978,-12.566344094613381
5.354533173727717,-0.032572308614838515,-12.605233798640016
5.2468396691656265,-0.02880045654097939,-12.56723738802404
5.355519205576998,-0.03223696362804483,-12.605839597200605
5.2475599117914316,-0.02855468615906583,-12.567753680834864
5.356045698276483,-0.03205784180069182,-12.60618854483548
5.247944698524602,-0.028422954574348097,-12.568053027034809
5.3563270288724985,-0.031961943086518,-12.606390174716902
5.248150508467937,-0.028351985741070597,-12.568227106218524
5.356477534824775,-0.03191038177533184,-12.606507015843661
5.248260800895406,-0.028313400089496843,-12.568328619668724
5.356558207739263,-0.031882443946330274,-12.606574893683488
5.248320097215905,-0.028292079528898482,-12.56838796667976
5.356601589308451,-0.03186709532850941,-12.606614406854296
3.7109220572677177,-0.8814001189171723,-12.442226047158998
2.7081864049911935,-0.6433153848341695,-11.921338454123198
1.9765564847837909,-0.4693931107181082,-11.541459909910836
1.4425799642385335,-0.3424698390092681,-11.264241904840825
1.052857436791761,-0.24985675815108696,-11.061922899338462
0.7684197759450369,-0.182281432003481,-10.914264978270394
0.560824159307067,-0.13297636196856333,-10.806500226196105
0.4108440374327843,0.834421029393449,-7.881302473364536
0.06882536045282778,0.01952121554395314,-5.616333386881664
0.05069612194226694,0.009855064892613237,-6.906939735215868
0.03706246748708569,0.006767125975832889,-7.878279570695274
0.027056967217937287,0.004929593340185846,-8.590340586615774
0.0197473411402396,0.0036250838159359545,-9.110368112015541
0.014411639021966006,0.002670634490236195,-9.489942608591871
0.010517392506977129,0.001968894334592691,-9.766976490850475
0.007675270797603221,0.0014523888406250633,-9.969168343065256
0.005601036526005777,0.0010720120694857045,-10.116736840288507
0.0040872322244887935,0.0007917488289439763,-10.224438781581895
0.0029824468171150992,0.0005851466355770037,-10.303044360068048
0.002176175318834083,0.00043276640911604997,-10.360414138280998
0.001587767532975647,0.0003203172098872498,-10.402285099542022
0.0011583622658651327,0.00023728859790512536,-10.43284434559105
0.0008450007937636317,0.0001759474009061623,-10.45514780673343
-0.7549595078035612,0.3176421546521425,-6.8773880352196315
-1.3878551834970285,-1.0676611826516402,-6.8032036611064095
-1.754428154327091,-2.4712729274354484,-6.8363553877997525
-3.672723201111216,-4.234942437093984,-5.873391731824621
-12.142479664734378,-23.886076412745503,-3.1429010148841394
-19.46116553373993,-89.14610615273256,-5.359211476129134
-21.45676077090951,-135.97106754231015,-6.042614942693084
-20.74846282902856,-131.3709010633714,-3.631203291155217
-17.41818566285411,-129.39107750542536,-6.049943075954959
-12.952511252339939,-94.95142034751795,-7.024858883445648
-10.51964516695056,-75.94480069042017,-7.93358700442498
-7.676838562779363,-55.419499289383566,-8.631189951463584
-5.602775554459979,-40.44552990099566,-9.140112765850548
-4.089129166094183,-29.518244272278224,-9.511576928521542
-2.9844183112892453,-21.543319482828164,-9.782707330452256
-2.1781558773509784,-15.722967531942349,-9.980602779970155
-1.5897124150248891,-11.475079011706155,-10.125045086564079
-1.1602422079565726,-8.374829083926285,-10.23047299295607
-0.8467972907130984,-6.112166974896727,-10.307424985088444
-0.6180324394797865,-4.460806107235053,-10.363592812862217
-0.6281776472780589,-1.9049086398224655,-9.923561431925444
-7.663258344527584,-6.753595737064259,-11.389388552378817
-12.445887603880319,-10.123609517000348,-12.03238422531961
-30.14273465076376,-14.785526093686798,-13.214714032927835
-28.37758692456098,-15.80182167641394,-12.897119043581608
-27.713696478600866,-16.78802173675921,-12.838635656050831
-41.599037429224815,-19.55414956709223,-13.451384808362416
-36.23272779401554,-19.071193648337033,-12.872630405125438
-32.44168269129088,-18.747272159695946,-12.447369278332372
-29.657460866847295,-18.489127461910826,-12.105336533653642
-27.51387341774691,-18.23692277853614,-11.845158580869047
-25.758319648782983,-17.965297246539702,-11.614850076029294
-18.84492218411854,-17.05487644140509,-11.316009026395214
-34.180862577020065,-19.544010817967386,-12.286429151892714
-25.104989992748898,-18.582078867614694,-11.776338530044116
-24.630359632801614,-18.46202814367218,-11.705125313961343
-23.698126496503402,-18.123888602716235,-11.551055727943412
-22.547219768606478,-17.690591713753616,-11.455091317872684
-16.49951230334279,-16.705162007240105,-11.17791427200708
-12.193518474323415,-16.372215854277613,-10.95419967559691
-14.570804467436995,-16.52729506919608,-11.02700852915006
-15.847600892716907,-16.450800180489853,-11.091969631595745
-30.87872721950767,-18.84772507366138,-12.163732762325074
-21.973384251506417,-17.512999609993017,-11.918367410873005
-21.004767654951067,-17.065645210900417,-11.837978437971493
-33.25101476127442,-19.264795048326498,-13.670897002311674
-24.291679665191673,-17.732190265001595,-12.809276736340752
-36.91919420784824,-19.73133473295043,-13.385080610088925
-28.89297581016325,-19.6826385800907,-12.60149987190393
-21.116782948055786,-17.98604512046436,-12.009052575976852
-34.53659628805541,-19.88880086629518,-12.687315426442579
-27.214409474076646,-19.822075823888895,-12.06378043647059
-19.893124318842382,-18.06657240468065,-11.613880063826056
-20.58612488623338,-17.678650459218563,-11.420222637866985
-17.070356954471645,-18.202567003544306,-11.132032849120009
-12.490942817951,-16.86333659929973,-10.931800692710398
-27.50047851356159,-19.01756334185282,-11.765362100857807
-22.175903360881282,-19.19848196779147,-11.373854687328407
-16.218042400561263,-17.56394800859262,-11.106830509239051
-30.11855879828738,-19.501871884767898,-11.881688379019506
-39.05003307375741,-20.744334966442846,-13.230689500323745
-29.30472065872535,-19.980773416691644,-12.617693765604974
-38.80998923905695,-21.300765340583634,-12.716117675982957
-28.673360477071668,-19.60555521638299,-12.123082433382107
-21.089250897879868,-17.780962542246957,-11.335379881728358
-33.75727688701669,-19.676679715136665,-11.989036184351857
-26.590643561788482,-19.570162029333442,-11.507932191836678
-19.43710994756034,-17.82789405689587,-11.207729939800515
-32.45331491306927,-19.68799493105302,-11.917545622732598
-25.75617619513431,-19.63586670118014,-11.473338438076068
-18.79594149210226,-17.896829766972772,-17.336792549171935
-29.698253493103856,-22.5419600064147,-20.002467414229336
-21.686544329887052,-22.19390059951062,-17.02403604297202
-37.49536912214944,-23.30527152486579,-19.91982501912046
-27.596240238007518,-22.662805248897794,-18.071607071904626
-26.58316602191485,-22.234162556291118,-17.903061000412656
-19.41379378369302,-20.399852901598955,-16.407717129770255
-40.656699337411155,-22.244941555833023,-17.556025328223246
-49.24317168408996,-23.515862897124926,-21.586769715037192
-61.692754956283956,-24.58926618375951,-24.595350159938576
-49.68559409708742,-25.266623406248247,-22.368525671291692
-36.34625609686407,-22.574321497917886,-19.446504919020494
-26.554199460654473,-20.67115132850187,-17.358946092687844
-41.70915565557918,-22.307678963489906,-20.353838606362196
-37.0880271926056,-23.4635500681007,-18.971667009337562
-33.84731457706447,-22.791984747981523,-18.09773676979964
-51.0002482467272,-23.7824371006628,-21.008695689493315
-44.62234121209211,-22.96935077755924,-19.663301624211904
-32.61676896579924,-20.65772904888247,-17.490069221480333
-32.33097333917494,-19.39615505519207,-17.913831622168562
-43.62243832659273,-21.089872014015036,-20.375217042033228
-31.953338990446877,-19.184726251520928,-17.977627362375266
-30.31533614626911,-19.42783777819011,-17.367003017244652
-29.28901688326712,-19.43901260898953,-16.997017702757834
-28.459024938363694,-19.532415575433347,-16.69631408275374
-44.460983212437355,-20.953809955828454,-19.78861731402543
-36.09276223693614,-21.07568209274124,-18.473502504766387
-34.022060574160754,-20.907299542264504,-17.882458413530596
-24.94025982645374,-18.74574667182379,-16.132039352031473
-25.992271766913127,-19.232851077801556,-16.293491695232614
-35.59833876192715,-20.468167909643196,-18.94613798600941
-35.966343835337504,-21.4144569601216,-18.989925721266268
-26.408180890749648,-19.099678985999855,-16.89091935055426
-31.4797987554141,-20.258888378228388,-18.023948774909282
-29.823024329618285,-19.708042958957353,-17.644029975205516
-28.03959960116148,-19.01703600115038,-17.213141914776195
-20.52916114498639,-17.252083741511665,-15.564843310155792
-20.851565547861366,-16.99503346208621,-15.609623979093486
-20.629373025694807,-16.612565575709368,-15.258185266608686
-36.49580660774754,-18.551402888526233,-18.102007484759206
-31.801341807989832,-17.588939469439776,-17.185363261103124
-28.296794518777947,-16.868928101807857,-16.317629469588358
-41.83109969144656,-18.64998058433734,-18.847484395363214
-35.70291080370759,-17.608765439852068,-17.815914156845377
-26.11117755119392,-16.043786751901433,-16.033003953651342
-24.380818715892264,-15.763340761742711,-15.594755113582798
-38.52017314550668,-17.72405083088302,-18.3034975914271
-32.9630965480651,-16.77201436079895,-17.098533521390536
-29.205631238123328,-16.177522508295485,-16.348657777199694
-41.66384948161859,-17.92912591601238,-18.709049023281835
-137.75923790197692,-110.61332520484932,-58.97890613755277
-99.66917033731775,-81.15158481708511,-46.249936523496146
-72.2927688344296,-57.61379872636449,-35.41699986892527
-51.54918222419511,-42.018880115529,-29.287175930626233
-40.630152452352924,-30.671007954490754,-22.71100620513611
-29.479414935373438,-22.381231251348332,-19.44196569855358
-24.57288132273384,-16.330645807849923,-15.504104300629542
-17.760378411115443,-11.896376737052549,-14.187729788431394
-15.998813112735084,-8.67155943881247,-11.679885750224694
-11.496953010927985,-6.328407557764342,-11.391122249533073
-11.434985082030881,-4.605651105907313,-9.63542422156737
-12.194164906646042,-4.801357652924192,-6.918022943687713
-13.972713869827345,-3.503053794317847,-11.145998108121116
-10.04502178374901,-2.5666026284417374,-17.101136764777404
-10.505680389778153,-1.8598392504762669,-12.31997385844127
-5.304330411278339,-0.06500542534427378,-9.744270350831783
-4.219321242927704,1.4627351028811613,-12.915708718753734
-6.3523755057403815,0.9967744661894697,-12.541763967799476
-4.638968097872158,0.7308656341794527,-9.501895708202952
-3.386222987925273,0.5337939713943545,-9.935872412588209
-2.4713065584789877,0.38956222639496013,-10.639501952056708
-1.803612163706605,0.28428272745946426,-10.329095759380518
-1.3163078481228552,0.20744050720271445,-10.379406673768045
0.5633830922204226,0.15785666198010392,-11.064504052453005
1.7275909829929177,0.12736943858704616,-11.352179513403215
2.7857948895546287,0.08201834242887848,-11.753417560065065
3.3804812226350607,0.027917780844815304,-11.882151927295663
3.9922244936457427,0.029175569677942992,-12.126812474285526
4.231424674123026,0.030333788538397355,-12.182622674053743
4.613831964416785,0.011107447507059151,-12.338829066337613
4.714607461294163,-0.024278401505700473,-12.342761355000755
4.966302173231121,-0.008935038668588722,-12.450541508439814
4.942041535102886,0.002509179217620937,-12.438908484280374
5.13270070933847,-0.009190505452878034,-12.518393568163685
5.093243395459385,-0.039213502904522614,-12.485869837345783
5.242781866173122,-0.019837228593260536,-12.550488969176275
5.143583545972803,-0.005457718746113697,-12.51906884147199
5.2798806046836795,-0.014996177085369072,-12.574190533236923
5.200623333753352,-0.04348700745711376,-12.530949265315893
5.321200426844717,-0.02295308938054732,-12.581764277093285
5.219361182510693,-0.014405562693265586,-12.546687456444037
5.3354205599861855,-0.0214700845847648,-12.592450928295149
5.232990601055471,-0.020021023223810285,-12.555499425121784
5.345391115196502,-0.025766778480576888,-12.598220325862576
5.2402046692558635,-0.023615539041826276,-12.56069733032791
5.350668547099812,-0.028409213522083268,-12.601611600310692
5.244037130362125,-0.025586645064344406,-12.563807239019651
5.353472966868934,-0.02985079769174189,-12.603638128458586
5.24608183333678,-0.026641899246920994,-12.565675391529094
5.354969679224353,-0.03062196627623559,-12.60485489562854
5.24717507220106,-0.027203724350556634,-12.566798774895169
5.355770216449295,-0.031032734212207116,-12.605586288467991
5.247760529993377,-0.027502083479631064,-12.56747442168276
5.356199097209356,-0.031251160308177615,-12.606025947540301
5.24807467658084,-0.02766004891311727,-12.567880738299902
5.356429328052684,-0.03136709217334001,-12.606290141767799
5.248243749929503,-0.027743246739935855,-12.568125019411992
5.3565532959496,-0.031428426722386466,-12.60644878779984
5.248335190695025,-0.0277866413854401,-12.568271814819319
5.356620374258877,-0.031460681247985296,-12.6065439453527
5.2483850463815545,-0.027808857270722777,-12.568359962471197
4.873984644770704,-0.03156434997127175,-29.0922181406465
5.09944763846715,-0.018354975283891378,-24.369452210181116
3.694448861226248,-0.03288425433318644,-20.570886412520053
-0.407073369217966,-0.013485154312599713,-16.28827854344171
-0.11787860458242705,-0.01294437637492042,-14.753290996636295
-0.39641640852303567,-1.1069283304433328,-10.922379690420808
-1.3017743174437721,-2.1586482475406115,-11.467433020276
-0.954226112585305,-0.22469476615739592,-12.494913970846653
-0.6938323896534495,1.5790883085875347,-10.936373611424882
-0.5075032104618278,-0.08344261825433441,-10.550183350908513
-0.37024935400755676,-0.06146543223752482,-11.011221823976179
-0.27026129839044494,-0.044817795482789774,-10.87722066981548
-0.19725418995168448,-0.03263581783316341,-10.779457559032803
-0.1439691457095476,-0.023755453524672343,-10.7081119365975
-0.10507971098118718,-0.01728600502602838,-10.656043208588331
-0.07669675790755288,-0.012574155727619007,-10.61804284368871
-0.05598181157069683,-0.009143200171044093,-10.590309820652267
-0.05695453858410773,-0.018765780628214726,-10.563499205720062
-0.0591059299023651,-0.02663740763116415,-10.543255413436492
-0.06152476632082756,-0.03273023798308824,-10.528104600618285
-0.06393735949522764,-0.037398198626006234,-10.516764865042738
-0.06621613463974076,-0.040970133090154924,-10.508263612489777
0.1441567993298274,-0.03984202387752871,-10.533290632636726
-2.931425462341597,-0.016202419084857193,-9.509514619488906
-1.9610533633656655,-0.010297944859259337,-9.80438768228751
-4.472994507434705,0.00563201968437349,-8.928069311696698
-3.0851549364078323,0.00673100083500416,-9.380338578951669
-5.295033389427388,0.017988425262563022,-8.588781396470921
-3.6846270155994993,0.01584464941466601,-9.132789129358226
-5.7334910693010865,0.0246322074105369,-8.390172915807153
-4.0043593911962265,0.020696577737073747,-8.987868710941589
-5.967408797581923,0.02817649777422383,-8.273607239946331
-4.174921021323836,0.023278390559819943,-8.90281233585133
-6.09223093559881,0.030064085972795692,-8.205030499772096
-4.265923810122556,0.024651990629070676,-8.852773529232387
-6.1588540037529,0.031068635985798336,-8.164597773499446
-4.31448822786558,0.025382374837689174,-8.823271557870662
-6.1944235145456155,0.03160280685175903,-8.140710664611332
-4.340411130176311,0.025770322557084693,-8.805842955094977
-6.213420003007229,0.03188646319852519,-8.126572375485523
-4.354252036697145,0.02597596768881573,-8.795528021801072
-6.22356942118777,0.03203671344423844,-8.118190048431611
-4.361644278684987,0.026084570981550193,-8.789413135246004
-6.228994731795004,0.03211593204602239,-8.113212653339966
-4.365593725413042,0.02614152784081559,-8.785782736227425
-6.2318966768829664,0.032157340388131686,-8.110252947303847
-4.367704615936263,0.02617100745174574,-8.78362455202852
-6.2334502711747195,0.03217863252236679,-8.108490779975773
-4.368833346267927,0.026185877384903807,-8.782340121839344
-6.234283063336885,0.0321892321283256,-8.107440403283963
-4.3694372149558625,0.026192987252127903,-8.781574999904194
-6.23473032626151,0.03219415735380226,-8.10681365401583
-4.369760486295244,0.026195982573822267,-8.781118918584474
-6.23497125110019,0.03219608007279556,-8.106439328631208
-4.3699336787799075,0.02619680317805413,-8.780846955592164
-6.2351016508445785,0.03219642242183124,-8.10621557407767
-2.9311317604407154,0.02525041164342872,-6.247584341237003
-2.405272116445729,-3.1267282120396906,-10.788881071166992
-1.7550024432495261,-2.295526759493641,-10.677259953834138
-1.2808506704827012,-1.6768022470651724,-10.629435885805272
-0.934821009524972,-1.2239420371637708,-10.598184193367695
-0.6822740806729453,-0.8932901614049946,-10.575771799922755
-0.49795405964452744,-0.6519539892039342,-10.559457274653559
-0.3634291433182212,-0.4758169107191167,-10.547554877905647
-0.26524691545154333,-0.34726590440908023,-10.538868481905004
-0.19358918406886777,-0.25344506354705837,-10.532528812071389
-0.14129019664987777,-0.184971535807832,-10.527901836665249
-0.10312007163462175,-0.13499735726680434,-10.524524855425822
-0.0752618117757892,-0.09852463448211424,-10.522060174225809
-0.054929604880610175,-0.07190572609139623,-10.52026132963255
-0.04009024281138619,-0.052478454964421384,-10.518948441976194
-0.02925980095026593,-0.03829987194740384,-10.517990227221544
-0.02135524593039569,-0.02795194637361383,-10.517290868539494
-0.01558613239504822,-0.020399752039182744,-10.516780434599344
-0.01137555853520426,-0.014887965727410303,-10.516407886503847
-0.008302476060757843,-0.010865328278060237,-10.516135973795148
-0.006059585413773334,-0.0079295134351024,-10.515937509486553
-0.004422605825364905,-0.005786891046577619,-10.515792651309587
-0.003227847281515911,-0.004223161189675181,-10.515686917497215
-0.002355841662358429,-0.003081921496040328,-10.515609738646804
-0.0017193957874087466,-0.002249025092884439,-10.515553400708937
-1.980046324441841,-7.777236807771032,-9.142077844350336
-5.346424878305689,-17.56303608458809,-14.41779588420571
-2.146491944088618,-13.170482876135644,-14.731633438115063
-1.6761489751474068,-10.148894384705283,-13.562094600180206
0.3301815006357809,-8.09033168445703,-13.050471551416793
0.5256268393032048,-8.021932145239278,-12.355076985148267
-0.3060515937819953,-5.483271359638068,-11.248667703074505
-0.6949302398918302,19.14066609681322,-9.494925341786287
-7.0631758064631285,27.807956588795044,-9.728487007022713
-11.641065071452005,34.13898916562588,-9.706128722370787
-15.086616189611686,38.81096514624942,-10.02871055078115
-17.49073883239891,42.187054231532116,-10.477161821307055
-19.33966591953718,44.692372280757645,-10.917451438706875
-20.581920919018692,46.48433936390561,-11.378914545485472
-21.594324171287,47.831870415420376,-11.705569869376216
-23.69334771314068,48.759636771568566,-11.377475068051954
-17.047527827336907,49.09239985700207,-13.06670337250026
-18.744926042919104,49.17189010794256,-12.994493355108228
-19.90919564251852,49.22588647453132,-12.848774126683008
-20.76882460885412,49.26644398958746,-12.607489622213048
-21.43457841293046,49.296547879083406,-12.43845579777814
-21.914566382138304,49.317944295677925,-12.321094404749793
-22.24309382294638,49.332772962395225,-12.235560769582268
-22.496111634873174,49.34310037354528,-12.176054342555673
-22.660757230117838,49.34923609841349,-12.151509260811654
-22.775016450446778,49.35334712836371,-12.121140398405851
-22.747751967878557,49.256290286649865,-12.488276778680383
-22.542753731655026,48.95667663528015,-12.562225420600921
-22.386151726309773,48.729788032437796,-12.62599719529274
-22.263143594939923,48.556078418582146,-12.676336532743754
-22.16594436551525,48.422534063788895,-12.71436567736228
-22.072715398018794,48.322558443734444,-12.745153692361447
-21.995415553130716,48.244083241096604,-12.60294876202398
-21.936337483358983,48.183134554587134,-12.495518867632189
-21.89100688277458,48.13551558572518,-12.414334953754228
-21.85596842274667,48.098052040977315,-12.352845981256364
-21.82866367616186,48.06835324747273,-12.306131105724273
-21.80718516947299,48.04460802234942,-12.270509776173073
-21.790105645315617,48.025439836358444,-12.243230679090402
-21.77635697498975,48.00979988321669,-12.222236650747613
-21.765137143439926,47.99688700911209,-12.205987737425808
-21.755842615876904,47.98608760915776,-12.193329813207132
-21.748017759502094,47.976930430338655,-12.18339749266951
-21.741317648359477,47.96905255196184,-12.175540053584214
-21.73548061609377,47.96217373686075,-12.169265152562737
-21.698300331374522,47.95646253743486,-12.162133572728731
-21.66743310049154,47.95109611109624,-12.156593077667068
-21.64378762422138,47.946168217507655,-12.151923562993467
-21.62548302101811,47.94158701324736,-12.148034697505395
-21.611187079817796,47.93730556187395,-12.144785502351517
-21.376314617442087,47.834456591255375,-12.267961316026012
-20.19514694631491,47.49555465236836,-12.289087773520215
-19.582054239237927,47.25454731548311,-12.292448828106018
-18.83777534915322,47.050978300576006,-12.276916180752009
-18.615548270211274,46.914572077635576,-12.271477321395706
-18.121745804368928,46.78995749855251,-12.254531970810326
-18.118483692334724,46.714389443406596,-12.115677040074738
-17.63351601033765,46.61855081758005,-0.420322460217081
-25.26814425623451,43.20966728123644,36.727117532300234
-30.531677528569197,40.70381428227586,62.9915716106369
-34.443107280441296,38.8642751386491,82.34686486432561
-37.295271433944414,37.5126073030409,96.462216906929
-39.378845532020925,36.51944419558439,106.77398711922626
-34.697350080073036,35.664925980540524,101.6764469532431
-38.18057884124666,34.852473713607694,112.21648711400584
-37.299201359385044,37.3132863514205,104.54737488992576
-29.585953321070036,38.9638119395886,82.58839620804119
-37.773928170949574,39.32787033156334,96.94018389966544
-40.46103498836674,37.85282101705434,108.91423463727155
-44.729514123918904,38.48210395090039,113.64255326374109
-32.660578708270805,36.390408949935875,88.55561494354048
-30.769965670378387,35.63593830339556,101.73038299649608
-31.457920043717262,36.57851845399302,110.97151538229629
-32.2551347903023,37.81765604444808,117.7595756945371
-24.56700273547251,38.27157916573336,108.52079552653493
-29.49350134907065,36.03113755479467,115.59311907937634
-34.298898431088745,33.943548337112254,122.53408527473906
-37.82158546211464,32.376626178263166,127.59297902280714
-40.40280625141752,31.198684176240068,131.28188766334526
-42.294498986387325,30.3133622099959,133.97388948677167
-43.68729469004061,29.64871407303106,135.9428697971827
-44.70230593710557,29.150026872194783,137.37443121370433
-45.43982019685589,28.775570256241068,138.4096303361254
-45.91210924130492,28.554107740974832,138.9970401566971
-45.85256389799166,28.466783500541478,139.03214331519817
-45.734729341063044,28.416138535899,138.71635598683991
-45.64592192792902,28.38197681285315,138.46747759861663
-45.58132886899355,28.358163462035407,138.28580445348877
-45.53442422716149,28.34122017456586,138.15431460283395
-45.50037228283778,28.328794443318237,138.0595058843946
-45.47565594707276,28.31926527860257,137.99142335211852
-45.45770405785715,28.31152313128603,137.94272969454792
-45.44464112491255,28.30481615121234,137.90804685047408
-45.43510296725646,28.298641995532304,137.88345299813196
-45.42809976727955,28.29267248694207,137.86610055923006
-45.422915012869694,28.286699976290077,137.85392849312422
-45.41903100667254,28.280599036456774,137.84544856660742
-45.416074842086374,28.274299765043715,137.83958839034761
-45.41377846865162,28.267769085071023,137.83558031730135
-45.411948826853354,28.26099774473657,137.8328725931128
-45.41044753325849,28.2539913630097,137.83107062968563
-45.40917578620291,28.24676425666799,137.82989351773682
-45.40806332562285,28.239335321979333,137.82914224055006
-45.40706121769813,28.23172557436864,137.82867796950768
-45.40613450612058,28.223956223316335,137.82840271252869
-45.40525841620941,28.21604760849102,137.82824777140323
-45.40441574519297,28.208018611726374,137.82816591344886
-45.40359464091789,28.19988638016273,137.82812498161593
-26.391291398324203,25.290797534452402,181.31903668425102
-25.19473617165472,21.27194135207643,210.7630227038634
-28.771108778673323,5.685265251026392,231.5253812581093
-22.343885453303656,4.179588251458266,171.63967046174224
-17.66305210121165,2.936368210763373,128.21787601052196
-14.460583408281721,2.144527338274976,95.64603481835667
-11.802744401347239,1.5124995396280014,72.14435468097687
-10.324537831748781,1.0260371441254115,54.60100288251412
-41.40811027081732,1.2850943643875312,108.66248032852506
-71.36712211906533,0.7102540870373517,148.30564784778315
-92.91708384010492,0.18844849642343564,168.1388665121624
-67.91472236759772,0.13554986290268406,120.47798095692777
-50.0427084719486,0.25367828066716447,85.58783951542028
-37.21386659768081,0.5542056310361003,60.23385985664814
-26.05272582496812,-0.143127925257016,40.053671765156295
-19.002507561871198,-0.11528958033691573,26.388272562894922
-13.868831027395597,-0.08414762544160548,16.418538238248402
-10.122068986209193,-0.061439673486981566,9.142157642394874
-7.387527727273975,-0.044863007111648076,3.8315462864102185
-5.391741753227901,-0.03276056065229842,-0.04436849081387351
-6.916954991083411,-0.03215615809002555,-1.371697658121258
-5.103252679646907,-1.5194160346012144,-1.750826259053287
-3.9488596972191434,-0.054700061584178394,-8.826428608304719
-2.879790782073668,-0.04421066685561318,-5.231048339805576
-2.1025698373469033,-0.03241812270204112,-4.93128988059783
-1.534397332356609,-0.023894251025844547,-10.409963591841862
-1.1193063478932233,-0.017720052394218075,-10.421269308651231
-0.8172805076296661,-0.01287131254698859,-8.437523248259073
-0.5967551270964632,-0.009361343833351821,-9.903325303606708
-0.4354253389587184,-0.0069180836032863,-10.917729436821341
-0.3177351475290233,-0.005091900144849296,-10.006244024930517
-0.23185469532348196,-0.0037613300193355794,-10.095082635313998
-0.16923338779032748,-0.002764991154290431,-10.292924270500148
-3.216116074794153,-0.014573530547282273,-9.22837427972239
-2.1732351325851393,-0.013762474395103143,-9.771092626637632
-4.648685540344287,-0.006493152339953696,-8.742730828789893
-3.2177423204265168,0.018796687645733976,-9.364485917274823
-5.354572025155033,0.008118314605802505,-8.505118649401272
-3.7340148270277442,0.010250919469800533,-9.100977752971284
-5.785786606791208,0.011377757986308818,-8.321332259724915
-4.047867044698827,0.03185855433697194,-8.942866217121459
-5.959220201689921,0.017681777131319014,-8.221914792328862
-4.175262245049099,0.01735718622480249,-8.865125063725419
-6.107182592906488,0.016562885264290752,-8.160404000708686
-4.282609027533553,0.03536850457192517,-8.825422755213566
-6.130402678751644,0.02028493686206461,-8.142885261385075
-4.30008289971068,0.01928490561634148,-8.80745671353141
-6.197981411216414,0.017977951517242612,-8.122373792294125
-4.348950410833902,0.03629158093504625,-8.79767450619546
-6.178783279082111,0.020972520735954348,-8.125051546928974
-4.335250100969058,0.019867100793778267,-8.794458181818396
-6.223506107647726,0.018400345081380314,-8.114362615210474
-4.362284370787796,0.012496025117381085,-8.78628716136761
-6.229256655690897,0.022255599337554343,-8.110659978529325
-4.365803705831875,0.018874526179763384,-8.783912323513587
-6.232111032991229,0.02691124429443979,-8.108690413957346
-4.3677628544066565,0.022633353978455208,-8.782540740529825
-6.233566236726038,0.029627469794756514,-8.107565029566333
-4.368803696554959,0.024658279520963392,-8.781731046345966
-6.234333052778753,0.03109979821558474,-8.106900609252603
-4.369358067884611,0.025737412461129115,-8.781248817452102
-6.234742334208691,0.03188637381378095,-8.106504315863477
-4.369654165662833,0.02631128285376227,-8.780960845259795
-6.234962071767791,0.03230492680133856,-8.106267201379708
-4.36981257230716,0.02661596428097724,-8.780788774891567
-6.235080657062272,0.0325271282151719,-8.106125151980269
-4.369897437926281,0.026777283889217372,-8.780685990766582
-6.23514512475487,0.032644719935664875,-8.106039988405659
-4.3699429903369635,0.026862265635859472,-8.780624659970709
-6.235180589143553,0.03270660662454172,-8.105988895297337
-4.369967513489403,0.026906608989997714,-8.780588140452819
-6.235200477950123,0.032738841918339236,-8.10595822017225
-4.660647468148197,-0.3872819846307413,-4.578543657612873
-3.567313119223979,-6.010135792943046,-7.150277074038666
-2.6060270370054504,-4.385281595493303,-8.036874846690074
-1.9021037882338323,-3.200193417577246,-8.704262747773885
-1.3882347181760077,-2.3354040855001275,-9.193312145883574
-1.0131931399413725,-1.7042966560608093,-9.550435089320493
-0.7394742168250841,-1.2437232045166373,-9.811102513614232
-0.53970353050668,-0.9076050816556218,-10.00135544015648
-0.3939030119545537,-0.6623142882026412,-10.140214364866317
-0.2874920533149752,-0.48330880452829283,-10.241562799921848
-0.20982916150581965,-0.3526776611921357,-10.315533810645016
-0.15314774440531437,-0.257349343181416,-10.3695230820768
-0.11177942815166364,-0.18778424594122634,-10.408928406357722
-0.08158720521636063,-0.13702039917311046,-10.437689406216789
-0.07510464476359362,-0.11168510840192117,-10.452199106536355
-0.07207175984558087,-0.09428325144394348,-10.461963775958413
-0.09740478873618924,0.16341206764828844,-10.371547089795346
-0.9504757022886656,1.1363480468480869,-9.59684669954033
-5.768451295232929,26.232050166552842,-11.493439630619795
-4.0397250693967415,19.914738397592657,-11.174786599690359
-3.76977817223479,15.363202244694286,-10.292313300787558
-2.080690860360363,12.044841926760679,-8.507250676263768
-2.162226678343092,9.252537638513067,-8.491608222516414
-1.578974586623683,6.7520379848289105,-9.037722597995781
-1.4632590200260123,6.017572260447284,-6.754103571388299
-14.717379256292016,31.84945558924087,-5.238567259212256
-23.54530179053262,50.346714832737206,-9.991633261985719
-22.80165386805646,63.74021051601441,-8.702466209462031
-20.05622489545256,73.15256858971958,-8.115384611184862
-20.224822425073427,80.00012289776798,-7.568088131517638
-13.960928949503664,84.88788612182658,-10.490193715390836
-26.17654752100848,88.50820624207302,-11.802639159668214
-25.306698912456323,89.97282018364109,-11.115074010471057
-24.99287491854689,92.17306540132863,-9.75084541521708
-18.523707150113193,88.94646228108503,-8.823652770550146
-18.913044392900215,91.4697137315881,-8.104450437257604
-19.924055083245342,93.31826740301186,-8.588117690822632
-14.822953681921328,89.78168349278648,-7.983557813894701
-16.2722251315418,92.11095356086153,-7.500130105591657
-17.945766115179374,93.79406568046137,-8.26395711122797
-19.003033025317546,94.98664666009981,-9.22507103802634
-29.915142499819428,95.89070302001998,-10.579498806714756
-34.29801830058797,96.3944502588944,-13.621171476087518
-25.181690319149347,91.75006848854835,-12.230243411876371
-18.543245497718083,88.63878606261926,-11.200709197101792
-19.335516012482657,89.45961592894906,-9.912528776632927
-19.664733304923324,91.8874820899906,-8.906178156906009
-22.522239086261386,93.62421700595695,-6.750176838751855
-22.55489889149638,94.86153539149521,-7.790012256686417
-32.436205165042495,95.7740684131135,-9.703414445312918
-36.087916370403875,96.27768857910534,-13.076807675079092
-26.37861014846179,91.63459859359733,-12.044467682435553
-19.338724669988316,88.52363994186453,-11.202940500075737
-19.78557053414986,89.28578489364233,-10.109560685417192
-19.74683937539803,91.72896110741141,-9.13986431373796
-19.752473493216876,93.48814467623326,-8.376638948496037
-20.56378142133732,94.73881461430744,-8.345120678057409
-31.009648676663367,95.65860517607523,-9.981716822971206
-35.058053149790126,96.15658061534441,-13.163955751191242
-25.74355013175291,91.52140230351979,-11.87305288691511
-18.97033750832935,88.41739075044886,-10.900601053674286
-19.60865988658109,89.16598279688833,-9.737649870049776
-19.853342842977327,89.80206205414142,-9.308526231358973
-19.734771336497378,92.062899366635,-8.576814210935554
-20.53874011105532,93.67560960796524,-9.254642854992577
-30.92060576261457,94.84668498616784,-10.83367135430479
-34.94606615042205,95.53245075144987,-13.877615768908791
-25.55259995883345,91.04145984569071,-12.600139767172086
-18.749583284002817,88.05332649361257,-11.583677507113142
-13.008072671312988,85.9061415082557,-10.74094411138581
-15.234142575890242,87.31648680721555,-9.660465984237778
-16.39770299967049,90.22666933051572,-8.75386091679234
-18.15156288799964,92.30772801853352,-8.783501059210728
-29.20325151276368,93.82198618917963,-10.350122142429889
-33.70043539740066,94.75279206665509,-13.424008920901828
-36.69121719939683,95.37066199894964,-29.044441058704948
-29.3824621422656,94.20285928613144,-31.7608381305314
-21.35720274902385,89.93649619148883,-29.361191927507967
-14.340971477738531,91.84187856899543,-30.997224492393258
-23.231008709813803,93.58654878586023,-45.10773315531822
-18.448546495741148,93.63917469386864,-40.42332854992193
-20.054491682675422,94.58552613564187,-51.241881571806566
-14.645147272027831,89.8940545393727,-43.00252684454143
-20.34995857571095,91.80729271542448,-53.23966234848439
-27.05960621021198,93.42037664598944,-64.24816822232135
-19.690763881239178,89.43128035924639,-52.52129040046477
-13.066561996870728,86.16775268998494,-44.08260590830206
-14.687016960706089,87.69649589015957,-39.595145395489716
-13.791089841135884,84.94436722468494,-33.924443147871834
-20.089510669067067,88.15189209539909,-46.61415009893565
-14.651599040825332,85.19467131930435,-39.61934011076662
-23.00144026339739,88.36184366839939,-51.55125481185303
-15.929924496950006,89.08391291908907,-46.052742081155024
-26.093216154501867,91.13722212191983,-55.06804500706615
-18.303050313333802,91.90748239933977,-47.68193460343866
-12.027002663114303,88.31318603383748,-41.16653673913368
-7.309487984475175,85.31416468915235,-35.863144776329314
-12.868640367965575,87.19798115277189,-32.41329575293053
-14.263916504044243,88.67965542208356,-31.163607373136426
-20.759729987477012,90.80623546349491,-44.29035392060071
-25.901260164572324,92.26875849242818,-56.62961329294939
-34.81983404645457,93.73088899649599,-64.53520377191074
-25.40987683511386,89.27824402530217,-52.71373630830547
-18.693387456206324,86.31323750840896,-44.36311295249425
-22.636099267140324,89.09366362431359,-55.3041321657891
-16.51571935377963,85.9673223240847,-45.68026763269333
-11.2848363669751,88.22347618789563,-40.85831324424904
-19.574004012559286,90.82638005682912,-55.32889576903348
-13.837069348566338,92.19073945779378,-50.6687331105033
-10.439469906919456,88.12155936760367,-42.19789701924995
-12.157254464725684,90.10443035727094,-53.4430110628592
-15.857138481839225,91.48267144803631,-64.26124726119372
-15.351114394294727,90.2145553383299,-54.467050203480255
-11.234336898933119,86.48524596358997,-45.350640251336095
-8.216773005970106,83.60472880494869,-38.654962070695774
-5.867998405024823,81.61233989641612,-33.67898968885349
-3.759783926156715,83.59370220906699,-34.227869072172155
-2.0578366987264527,86.60242284955937,-33.03155386584782
-7.2672071388263495,88.70008369477817,-33.74417682070433
-14.74770519382215,90.27592537513186,-47.30604218663091
-16.1297624134045,91.39627182202798,-42.40188191114291
-17.341883566615184,92.2668634585487,-40.458843239962654
-19.857235438964256,91.48940816191674,-36.567600607839296
-14.362895080063806,87.33552012901565,-32.32922878063244
-16.416614528936748,89.31232555767409,-32.74094916450017
-13.316321960057708,61.23555990547355,-30.364128907230985
-10.051938997816595,47.000824813610244,-26.904961694068362
-19.61188094244114,59.12473968225038,-81.83929726501083
-18.582637781818725,62.1789740169919,-117.26299061533969
-24.289304553248673,59.20137555917095,-161.5199345493904
-18.815824976858558,43.58554658942147,-121.65496240064155
-26.536664005276144,37.442040647232105,-149.50608100310305
-36.39546695922222,52.62152379106699,-168.93547960320964
-42.13641138526933,50.226932532569705,-154.79400843013474
-31.873560919657766,38.01440915345815,-118.24535424029199
-23.25096584828679,27.74184226934904,-89.14244697805674
-16.967236427959715,20.246696301101828,-67.90214275930165
-12.383070148968962,14.776880983165498,-52.399023302458914
-9.037659990224954,10.784837948177916,-41.08394669748822
-6.596077916486207,7.871273278162423,-32.825672476578575
-4.814110247633462,5.744821464330587,-26.79841713241684
-3.513552824729616,4.192839171906038,-22.39946150267842
-2.564349011446061,3.0601308085967136,-19.188910906902883
-1.871578370121672,2.233427739455706,-16.84571042175759
-1.3659638825617642,1.6300613841745712,-15.135540037849527
-1.6862338836588169,1.25929742325663,-12.190729152283678
-1.044161483728978,10.11961780614817,-13.77435000120565
-0.7618194016617488,1.7987465472177622,-13.323251062712833
1.0026728733765593,4.391716803283996,-12.022051759473799
0.7314949212725559,2.070790116821093,-11.695706937432455
2.0619742869423545,1.5068004072302026,-12.056006136534975
2.8462426706718364,1.0997958531581122,-12.027797498591942
3.6059380891778074,0.7915972119074125,-12.264075198297858
3.974269339334577,0.5729498458309233,-12.234260004946691
4.42985625356467,0.4068324180005818,-12.394042910467137
4.575586445650532,0.2917243997812986,-12.362424110487046
4.869101216264262,0.20157079385763385,-12.475110170651863
4.896177765312191,0.14187465363283935,-12.441684659452795
5.103309704467316,0.09220657786587629,-12.525449641590614
5.067128871414004,0.06205173939675904,-12.490526492059303
5.228213863863674,0.03395067433024827,-12.556576872264229
5.158300768492138,0.019534890037179856,-12.520529879156191
5.294837297596736,0.0029212614089870505,-12.575753984257178
5.2069330761019765,-0.0031096716138586614,-12.538911555683502
5.330380754636669,-0.013605254178392617,-12.587531914006235
5.232879377458525,-0.015168898149157166,-12.550147338419203
5.349347275601282,-0.022406591663772762,-12.594746240679642
5.246725577019326,-0.02158973106593352,-12.55700167622231
5.3594707578114225,-0.027093047779217286,-12.599155117063466
5.254116788272691,-0.02500727849807158,-12.561176033305577
5.3648759717714745,-0.029587719908163234,-12.601844174601808
5.258063804656573,-0.026825179247142915,-12.563714520957014
5.36776316685035,-0.030914973268019858,-12.603481451421542
5.260172678288193,-0.02779110575820893,-12.565256242720181
5.369306219997039,-0.031620449706322246,-12.604476814434408
5.261300285926999,-0.028303315970723067,-12.566191549143273
5.370131546390147,-0.03199479043204116,-12.605081103385961
5.261903891550772,-0.02857394512230113,-12.566758414139345
5.370573496780544,-0.03219280676410074,-12.605447503897674
5.262227567728046,-0.02871598600403703,-12.567101683680823
5.370810578791497,-0.032296957981276166,-12.6056693926038
5.262401627643687,-0.02878962154322245,-12.567309397689023
5.3709381250552415,-0.032351163938930234,-12.605803598016442
5.26249566861945,-0.028826904426412957,-12.567435003786507
5.371007065841986,-0.03237881624609429,-12.605884657865136
5.262546874470985,-0.028844903609100248,-12.56751091513536
5.37104462080444,-0.03239237199766335,-12.60593353734768
5.26257511986631,-0.028852706695720435,-12.56755677049723
5.371065344283145,-0.03239846386449097,-12.605962949353058
5.262591033157923,-0.028855150474541597,-12.567584459290133
5.371077022759563,-0.0324006224976693,-12.605980595588322
5.262600301961152,-0.028854806888475172,-12.56760117430638
5.371083825006662,-0.03240072582304337,-12.605991138020292
5.262605972227378,-0.02885304237200582,-12.56761126435082
5.371087984773229,-0.03239977211610436,-12.605997396492803
5.262609677149384,-0.028850581369586785,-12.56761735719764
3.2107422937362267,0.25625280264069533,-10.23006954336806
2.1817451085995927,0.3920856353486222,-9.958442415195348
3.1174314823559652,0.29782372717450606,-10.879438815754185
3.593199636291613,0.22405990172930723,-11.474658834764474
4.14735035703104,0.1526339509934535,-12.001530992692864
4.371811257248775,0.12609704495580354,-12.312506444101015
4.715771537982486,0.08106888804622135,-12.612243746447266
-21.17247790724918,-15.997727565449502,-26.47371197435671
-62.055967963060205,-43.03345018644946,-55.08649032663523
-68.95142707602956,-60.8185241701791,-67.94461629435516
-50.87572756531827,-44.62976467934868,-51.532398235273476
-37.1227634967663,-32.56612401207815,-40.451632053778056
-27.092224710602373,-23.766815731972233,-32.36475228512357
-19.772851418817762,-17.345739396950115,-26.46211999240217
-14.43106265768155,-12.65954066007616,-22.154018532607626
-10.53242139326571,-9.23939162750517,-19.009763798022142
-7.687026736553277,-6.74323778905885,-16.714949478386398
-5.872732373624808,-6.017297578189226,-12.33003658652239
-6.9285592535914855,-4.4034989870093275,-17.271285155331014
-5.056842706183952,-3.213918981268738,-12.435037196913235
-3.6910222945937283,-2.3456834280116032,-9.324293201084796
-2.6939178655011324,-1.7119944465655061,-13.11637249005936
-1.9659126460153746,-1.2494938664947837,-13.12793024055867
-1.4355546808491342,-0.9119570509777588,-10.509589366559878
-1.047864656800153,-0.6655936096606281,-10.831221430910972
-0.7647638374555727,-0.4857834155365889,-11.602885673481195
-0.5581183645942984,-0.35454868861238675,-10.809889690319368
-0.40730731959421834,-0.25876682679576213,-10.730405626727372
-0.29727237282530466,-0.18886111067246997,-10.672329972399677
-0.21696413590242927,-0.13784046459409513,-10.629936265973601
-0.15835126319748155,-0.10060301804842288,-10.598994586151939
-0.11557289629273339,-0.07342522819495537,-10.576411867644502
-0.08435131114541879,-0.05358947693161105,-10.559929974611704
-0.06156438316947534,-0.03911231415545304,-10.54790074207566
-0.0449334398849385,-0.028546120473271465,-10.539121258060076
-0.03279540509976054,-0.020834351776336787,-10.5327135836261
-0.02393649284752998,-0.01520588944327851,-10.528036960345226
-0.017470828866602676,-0.011097932394898938,-10.524623734655991
-0.012751863381825114,-0.008099719895765972,-10.522132592481668
-0.009307716039864945,-0.005911457870400181,-10.520314427794567
-0.006793987834721569,-0.004314341122708759,-10.518987432124728
-0.0049593213481294255,-0.0031486742198235202,-10.518018913678818
-0.0036202648336631153,-0.00229790313266185,-10.517312028168773
-0.0026429272219687457,-0.001676960494292625,-10.516796094320606
-0.0019295888694466437,-0.001223759594219115,-10.516419525874392
-0.001408929691272922,-0.0008929862071502448,-10.516144672907915
-0.0010288971521659831,-0.0006515674607436195,-10.515944056825646
-0.0007515010211740633,-0.00047536506336224975,-10.515797622527204
-0.0005490143364658904,-0.00034676137188870636,-10.515690732928242
-0.0004012006869181799,-0.00025289813492802697,-10.515612705203997
-0.00029329063877144766,-0.00018439062906464064,-10.515555742587908
-0.00021450484093074964,-0.0001343893464054641,-10.515514154598955
-0.00015697598825183882,-9.789506993707094e-05,-10.515483788104163
-0.00011496218382025042,-7.125903874634512e-05,-10.51546161193447
-8.427267189802225e-05,-5.181830126711765e-05,-10.515445413791257
-6.184884596583952e-05,-3.7629118578411753e-05,-10.515433579051964
-4.5458372744402005e-05,-2.7272886647508776e-05,-10.515424929276033
-3.3472059221318056e-05,-1.9714213485462738e-05,-10.51541860435079
-2.470074053934768e-05,-1.4197388131181818e-05,-10.515413976556836
-1.827649807033313e-05,-1.0170876830300877e-05,-10.515410587729155
-1.356587491069796e-05,-7.2320815579764415e-06,-10.515408103491525
-1.0106616020493142e-05,-5.08723543080432e-06,-10.515406279740546
-7.5612349148747715e-06,-3.521828270213049e-06,-10.515404938345092
-5.683386857695154e-06,-2.3793372439855685e-06,-10.515403949310445
-4.2933363387291915e-06,-1.5455468934445223e-06,-10.515403217698466
-3.2598527320506987e-06,-9.370594142175667e-07,-10.515402674278834
-2.4871396653750464e-06,-4.930161407569638e-07,-10.515402268438756
-1.90524655209713e-06,-1.6899942703376197e-07,-10.515401963293401
0.0005345084094065945,-0.12305457695614182,-8.131958196359722
-2.5901043734133777,0.3994939990320934,-6.005646666417454
-2.43596982136322,0.7995740252193566,-6.473055581460112
-127.42040537803602,-18.470763175889324,-47.27731959185703
-225.57683132754093,-47.658399948419614,-97.68730433297262
-414.18401055851893,-51.77696735054319,-184.6861837576981
-380.0408317287614,-51.25027279131441,-185.2461743797961
-277.2563339937681,-37.40897703454487,-138.06312559042448
-202.33560097416006,-27.30509512560046,-103.60846283571891
-147.67081097460095,-19.928720857308672,-78.45917954678586
-107.77627864783697,-14.544718738443951,-60.103765340926
-78.65980079941349,-10.615208183925906,-46.70713856634892
-57.40935982229422,-7.747303085008344,-36.929693308500504
-41.8998633275822,-5.654206468297796,-29.793689522877173
-30.580355096573744,-4.126594894480687,-24.5855251587898
-22.31888308198939,-3.0116949318593216,-20.784381770284593
-16.289299599740612,-2.1980065340635084,-18.0101433184902
-11.888645976824176,-1.6041527372787072,-15.985384579606073
-8.67685660025391,-1.17074160815209,-14.507628568852324
-9.084500564052135,-3.3179181246816225,-12.510087780184627
-6.622442823835531,-1.604998760177098,-13.34430839412607
-4.856105943811605,-1.0170182513141772,-12.281132369326095
-1.9941275109412486,-1.1994965046261852,-11.735004961775644
-0.10590380713731129,-0.8745812518664078,-11.891326574758008
1.455720586137123,-0.6492746259286398,-12.152456537962916
2.4087578160061254,-0.4776838834643864,-12.171829664604052
3.2915445718881324,-0.3599919604360963,-12.34121570439864
3.748678620434973,-0.267331432559993,-12.33520477471342
4.269770174628198,-0.20649043003217218,-12.450843223427364
4.462631391087547,-0.15537192687607088,-12.430693601100137
4.791019525164337,-0.12477663652350555,-12.514749019365713
4.84307153890862,-0.0957419053057794,-12.486659973848509
5.068786893817746,-0.08125412723694078,-12.552112768606065
5.045806349498941,-0.06397805621357922,-12.519543960327821
5.216815121063302,-0.05807026762721406,-12.574016417100307
5.153849242409568,-0.04705687138368878,-12.53890971862441
5.295707762972775,-0.04571981996372221,-12.586888387378622
5.211432097713737,-0.038041910656631366,-12.550338472120842
5.337757245839842,-0.03914004972880675,-12.594469885747305
5.242124038981076,-0.03323841818985587,-12.557096253586588
5.360171405019867,-0.03563421163948224,-12.59894464376148
5.258484546476633,-0.030678308846917926,-12.561099206591306
5.372120344721584,-0.03376581778658406,-12.601590789505487
5.267206637817383,-0.029313237367989207,-12.563474195849803
5.378491116594074,-0.03276968380806321,-12.603158315330733
5.271857262015484,-0.02858477704681268,-12.564885385335721
5.381888356970152,-0.03223821185343498,-12.604088353946475
5.274337495660784,-0.028195467144854287,-12.565725026246477
5.383700349662999,-0.031954282352389306,-12.60464094266553
5.275660630114091,-0.027986856076070626,-12.566225214520282
5.384667117591428,-0.0318022386599394,-12.604969678455069
5.27636680333917,-0.027874538989670915,-12.566523517711316
4.252359168179227,0.7222057184213111,-12.380801969138124
3.1031662616405793,0.5269401176873729,-11.876314746191948
2.2648266910776833,0.38470560254258424,-11.508578586230602
1.6529742164351957,0.2808925709266089,-11.240240832592253
1.206413428652512,0.20510404018232736,-11.044405069763059
0.8804923332700758,0.14977184375895788,-10.90147921680641
0.6426201239834586,0.10937306003364317,-10.797168245739115
0.46901007642931214,0.07987622052656801,-10.721039560978149
0.34230148792147636,0.05833842790466508,-10.66547913893774
0.24982372456818536,0.04261137556676778,-10.624930014106502
0.19924056914260996,0.04389512963220589,-10.602420516544669
0.16322397971332817,0.0451991537043262,-10.586283357304676
0.13772976994191044,0.046427150127804954,-10.574832178936026
0.11975907993212676,0.047524693924424904,-10.566745938072682
0.10715603939637616,0.048480540586878014,-10.561064244688803
1.6075177938572198,0.031148188841296064,-11.324372315116058
2.518836577605286,0.020305228095693628,-11.33811709736221
-1.4681176920589332,0.027799075687061123,-15.540645684833919
-0.8899653369428419,0.022934138421444355,-10.50431862510635
-0.651581837257925,0.014589111503978743,-8.867190816989561
-0.4917943721539374,-0.0009169685830275835,-12.881937187899108
-0.3779763478810586,-0.014283871353806437,-12.307634820923743
-0.27575587593666234,-0.041543586204536465,-10.158565604043092
-3.328098411710892,-0.020853100693173855,-10.395749137362488
-2.254978379340036,0.008299000562378998,-10.986637202285864
-4.723300538343911,0.0017047047067019604,-9.818928085185448
-3.2742151825691974,0.004955420551075376,-10.165078606690205
-5.4741146052429155,0.008056166859564506,-9.080206720316609
-3.8195953456661047,0.029145808518798562,-9.517758023363552
-5.81710586825381,0.015910348850692445,-8.634658127986109
-4.071038480297286,0.015299202018400663,-9.16640994700292
-6.054331540328166,0.015588343316624747,-8.376978135130168
-4.243569095911141,0.03449702056578265,-8.983895857338885
-6.1261558037468005,0.019843715967441285,-8.256773550273603
-4.296724259912054,0.018166690052881303,-8.890569460822832
-6.218684371803706,0.017692630189774027,-8.182552096367463
-4.363616701741655,0.03588357883556341,-8.842007196349588
-6.213662301570714,0.020880127644667224,-8.157345622385995
-4.36063670492852,0.018924950045495888,-8.817997841455842
-6.265202989412251,0.01825029157819169,-8.132079215157592
-4.397601373316015,0.036238564207593575,-8.805174434617193
-6.238423653657316,0.021146850478537513,-8.131957178015139
-4.378724240187285,0.019119734899558503,-8.799467884366502
-6.27836018706687,0.018393242950078114,-8.1194566224635
-4.407214869223329,0.03632580558064516,-8.795963616956373
-6.245422278801454,0.021212056677912386,-8.125775437344746
-4.3838367739547035,0.01916675629503154,-8.794957262748207
-6.28207766194946,0.01842717029706798,-8.11649031785628
-4.409930816484888,0.036345924556070316,-8.793799346539219
-6.247395867850648,0.021226189522957135,-8.124391850191758
-4.385277975094716,0.019176236694099947,-8.793948922338629
-6.283126261393037,0.01843335469353094,-8.115871969519688
-4.4106961213881934,0.036350134133326654,-8.793348339186698
-6.2479493168490965,0.02122807164574745,-8.12413395451454
-4.38568142517912,0.01917666537343093,-8.793762170065094
-6.2834211012273755,0.01843288318403368,-8.115777993514547
-4.410910403810199,0.03635090845905581,-8.793279901374323
-6.248102088161497,0.02122731786472616,-8.124110126063002
-4.3857920896571985,0.01917511729483454,-8.793746139686837
-6.283503385512928,0.01843101768527132,-8.115781423821653
-4.410969327904558,0.036351049402517197,-8.793282500946642
-6.248142193665951,0.02122614663806652,-8.124121779339813
-4.385820492576116,0.01917323383409134,-8.79375586381843
-6.28352587741584,0.018428984504302567,-8.115793838045946
-4.4109846183912955,0.036351090291310464,-8.793291635058232
-6.248150879637038,0.021225000174835106,-8.124132251739827
-4.385826036553057,0.019171347107979776,-8.79376458422866
-5.791956158285904,0.3825317421418359,-5.4868851797708285
-4.922368411680152,0.5831537938491478,-6.0544561571056
-3.5994535425106506,-1.052578031726863,-5.690779377769048
-3.579667069435296,-2.252036837453397,-4.148086635287983
-1.4645693442956178,1.0319615498951857,-10.663358264092999
-1.7917937450096209,1.008584346727576,-9.870216057324608
-1.766289722191644,0.8984515199554267,-9.548447958792948
-1.9813671922482357,1.0325427217151073,-9.202497839019138
-10.812881707395281,0.6870382237492553,-11.244835548105955
-19.686687432784947,-2.3027367990290926,-8.159987735680325
-31.131729164778037,1.5718111617317403,-5.296968453116465
-40.468942351479576,1.2324629335507022,-2.4629559915675365
-43.15592314067639,1.8121169763402314,-0.29879260500379123
-120.87339285531966,3.1508407342311355,0.9736683903579788
-90.90564129808766,2.6225991401055033,-9.386698970489775
-62.950465160174446,1.9623548279557732,-14.894865356432476
-45.47520436505181,-2.611956335195956,-14.982338930860834
-33.18277024196646,-1.910922857247963,-10.955805876414674
-24.22372945811242,-1.395240334926259,-10.831121027211555
-17.67977254883142,-1.0180419038427029,-10.745607861683265
-12.903472172047486,-0.7427474410276256,-10.68339587088889
-9.720234631722096,-28.5989865555855,-7.913753382096537
-7.099537843718374,-8.798544428857145,-9.394537577978374
-5.179167920207798,-14.044686438181833,-10.961272158998382
-3.783651555291751,-5.597041281657901,-9.866059576957559
-2.7605165282329627,-6.115296562895074,-9.771771053829985
-2.0147992612266696,-4.369591946624224,-10.39903862582114
-1.4705083814612931,-3.1891160786797825,-10.430441541698249
-1.088452434770221,-2.3388564696708363,-10.4472539475523
-0.8116288865245835,-1.7197687938950903,-10.458553489308471
-0.610595806428828,-1.2683977037734224,-10.466353059872748
-0.46459673416989156,-0.939228313221306,-10.471733167964373
-0.3586133659642795,-0.699172812350561,-10.475413912045735
-0.26220493558088187,-0.538286765452674,-10.484550928603827
-3.248703025389465,-0.37994375061875074,-9.457366547966895
-2.1925131333540087,-0.2766741505364463,-9.76637045981085
-4.665764490355998,-0.1882307128493195,-8.890743691411762
-3.225761111051896,-0.13493705727119576,-9.353249368788925
-5.421354522428137,-0.08487911668658128,-8.56368157927088
-3.7767791256216476,-0.059350396067127255,-9.114631024336381
-5.824318779557881,-0.029727654643711476,-8.37415024647338
-4.070644371954404,-0.019090224854803176,-8.976332724137082
-6.039276732519748,-0.0003416668109367041,-8.263958481463467
-4.227393168449666,0.0023509698728181,-8.895925296908255
-6.153969029487601,0.015310436285296452,-8.199702407527216
-4.311018535297902,0.01376862390547761,-8.849037599524507
-6.215177791342196,0.023645916053401723,-8.16212810122566
-4.355641627464245,0.019847421073662684,-8.821620066131192
-6.247851988607101,0.02808401448786775,-8.14009875091293
-4.379458337473419,0.023082597464004522,-8.805545930109433
-6.265299278343251,0.03044615786555928,-8.127151717663871
-4.392173446083396,0.024803260471399087,-8.796099257747825
-6.274619132694068,0.03170259490525527,-8.119525280137063
-4.398963833300969,0.025717325338638086,-8.790535042555623
-6.279599775957551,0.032370130305308,-8.115023511475593
-4.402591533173542,0.026201863642598397,-8.787250880153334
-6.282263028006259,0.03272404944382423,-8.112361040224574
-4.40453048627022,0.02645771713147944,-8.785308818897525
-6.2836882269855,0.03291098541592834,-8.110783568149113
-4.405567433765464,0.026591858761634838,-8.7841584413156
-6.284451734211426,0.03300904190812337,-8.109847399747117
-4.406122421907087,0.02666126187419652,-8.783475981598349
-6.284861421873829,0.03305981896055027,-8.109290970339538
-4.406419782643414,0.02669626833119531,-8.783070576863741
-6.285081803917807,0.033085472422741714,-8.108959771628625
-4.406579363638656,0.026713034500585275,-8.782829484213469
-6.285200826060278,0.033097800800240766,-8.108762364478466
-4.406665216983078,0.026720161589195157,-8.782685982579123
-6.2852655242463005,0.03310308561209301,-8.108644542376117
-4.406711589521407,0.026722226319337468,-8.782600519549712
-6.285301068475249,0.0331046697496827,-8.108574120836348
-4.406736801156532,0.026721662774610255,-8.782549612104404
-1.8388504333544584,0.022196837484657898,-10.113457338266644
0.019902356956819744,0.007313364832314097,-16.583230200000433
1.383347098829393,0.0003187185001121305,-13.645780114246287
1.393114929248941,0.4890087835221551,-9.470178347543566
-2.006645195454282,0.3530187912270199,-11.95968900168332
-4.4273072334656645,0.2588401315339117,-12.617842550977326
-3.050408421529417,0.20796179845744947,-9.37419693313354
-5.295294538617259,0.14498016761502863,-8.93048991341455
-3.695698358286875,0.10917883858545396,-10.235549315344695
-5.78536988326777,0.09233330844707414,-9.510748649676117
-4.041513259559752,0.06822490555826936,-9.886272897768158
-6.01918218239272,0.06350468667536774,-9.01358883096628
-4.21260467510195,0.048532859265093625,-9.668198126559135
-6.138352782597782,0.049056349875060384,-8.703013730129328
-4.299277424812077,0.0382759046869755,-9.276826460478565
-6.200180777352808,0.04153781755071286,-8.446082639178877
-4.344264849873312,0.03285225907019232,-9.033839680749585
-6.232509068380069,0.03757162769919444,-8.278843780473757
-4.368069425239627,0.02997435380721092,-8.906767455601507
-6.249623816539751,0.035467101247705655,-8.19116975960669
-4.380630989084192,0.028440556993468036,-8.842770940523152
-6.258636804507894,0.03434538356881099,-8.147513186454281
-4.387252203889241,0.027622116625233523,-8.810904580649364
-6.263376424118402,0.033746757705297135,-8.126091843876498
-4.3907372294406946,0.027184718412067994,-8.795268147983787
-6.265864427863973,0.033426785710127215,-8.115784697102947
-4.392568476207297,0.026950315315597904,-8.78774435210003
-6.267167885377173,0.03325529055898191,-8.110958464567306
-4.393528904107852,0.026824074232175445,-8.784221368249602
-6.2678492815932705,0.03316292767920041,-8.1087873491522
-4.394031551348732,0.026755484396050227,-8.78263655854415
-6.268204677968141,0.033112754889498296,-8.10787139379068
-4.394294009253081,0.026717642769951082,-8.781968024280076
-6.268389635208565,0.03308509116092821,-8.107528239039874
-4.394430723292796,0.026696219288452165,-8.781717660458893
-6.2684857275532035,0.03306945018818706,-8.107432545874682
-4.394501777243493,0.02668358041169744,-8.78164796718066
-6.268535631511041,0.033060244188875085,-8.107433968319336
-4.3945386473765815,0.026675658794351638,-8.781649183718953
-6.2685616132719675,0.03305449478489882,-8.107466236467012
-4.394557782086544,0.026670286453683367,-8.781672924743933
-4.000082255202135,0.9144773140843163,-9.36996883067591
-2.3464288874257333,0.7108193343809454,-9.958382879652442
-1.7127441360653424,0.5188885355462616,-10.108709792222163
-1.2500577423213013,0.3788059767493979,-10.218564402585905
-0.9123509157361971,0.2765472998189179,-10.298755773682247
-0.6658758940560214,0.20189708447655197,-10.35728450301927
-0.4859873256945026,0.1474004970408096,-10.400001490690356
-0.35469662006106106,0.10761595435013904,-10.431178220925757
-0.2588747935757749,0.07857127524209474,-10.453932345510001
-0.3713432591789695,0.016188575675241436,-9.496623774703913
-0.27102886806208093,0.014082672469266626,-9.67132194040189
-0.19780990056092201,0.010561810065444523,-9.888546850544449
-0.12838319493245587,0.020657052873517823,-10.06393554609581
-0.0765351259616403,0.02793932292316032,-10.193075588400001
-0.037817962755730086,0.03358385904311097,-10.287798050520205
-0.008841474996806674,0.03794269612745891,-10.357251857518852
0.01288296732653928,0.041302381198927395,-10.408190429421273
-88.83358921547985,-6.598551526388408,-46.725912175962144
-224.40153337601834,-29.50866173385605,-113.5432144214962
-242.86225846206304,-33.28203650828268,-139.32999331004748
-177.23255134314522,-24.323614427069295,-104.58018100578963
-129.32876962513964,-17.752403367907732,-79.1706025281395
-94.38732760878432,-12.974739410261638,-60.623322651437505
-68.89169224590971,-9.486982697878851,-47.08278566180003
-50.280124430238025,-6.923944880469908,-37.20384365307197
-36.69661543014224,-5.053311832806359,-29.993781550752868
-26.782783355838404,-3.6880577080374817,-24.731566496877527
-19.547238152264413,-2.6916506171688295,-20.890973652802597
-14.26642289373228,-1.9644411455050168,-18.087942422256255
-10.412254588309754,-1.4337012395174713,-16.042168733573707
-7.880229413970349,-2.207535177999237,-11.84811906463814
-7.868924597691375,-2.961936629145091,-11.939356871027334
-4.2432341500044775,-10.784145846685393,-13.108276490217921
-3.8465486872107353,-2.3889148430273437,-11.292308522598628
-2.812294085798111,-5.709157168180278,-10.825152365333581
-2.052715098826916,-1.5262666515110448,-11.157873596585235
-1.4982403123286043,-1.1139965875989266,-10.984239816318386
-1.0934888666058458,-0.8130029644440399,-10.857566494373268
-0.7980787273590735,-0.5933240995167285,-10.76512160060731
-0.582475458793595,-0.43299987507537574,-10.697653147059293
-0.44135160943860574,-0.3281731930501917,-10.641793895810336
-0.3398102327652861,-0.2525214666013222,-10.600348161856964
-0.26655930279808143,-0.19765913101263988,-10.56972363124512
-0.2137523285946216,-0.15784209112599984,-10.54709085486257
-0.17573550829192813,-0.1289490333973505,-10.530347720757039
0.0648610571065393,-0.10486705243305856,-10.549489170516841
-3.0066457999900207,-0.06311391349028594,-9.484860432034548
-2.015567696853469,-0.04479192011644628,-9.786508771587563
-4.529390298740035,-0.01900200140714431,-8.893359435996395
-3.126138700398684,-0.011490074617330738,-9.355099107260855
-5.341092595920765,0.005227738713406465,-8.557618881785135
-3.7182003959052268,0.006291690108884147,-9.110124286557546
-2.693082421264405,0.019824998330758542,-9.497687767334632
-1.9454324790974957,0.028540934852772537,-9.780851114387936
0.11394949330510373,0.022145106234400545,-10.5933838902385
1.4071523346543782,0.024344107465128124,-11.062808548040469
2.5606981938928293,0.006853852634736306,-11.521535885210362
3.22301985256955,-0.027765864382760748,-11.745338084171095
3.885849538659393,-0.011687925313206445,-12.014481579358037
4.160663198218223,0.000914242948591144,-12.119771261208239
4.570544194523769,-0.010460641712049341,-12.285362593999753
4.68979132966547,-0.04039221192222237,-12.314997969487896
4.956502096996825,-0.0209040180172355,-12.425674708370398
4.942009943918603,-0.005754004510435262,-12.427233565846105
5.140887955009089,-0.015328962209558952,-12.507015846794106
5.106040936965941,-0.04399267038260757,-12.481192832603565
5.2603492295618475,-0.02353476727479096,-12.545319154370043
5.163753224787742,-0.007661511137089103,-12.517215721856095
5.302755784804504,-0.01672261004493025,-12.571695543229978
5.224175379885261,-0.04502861231308654,-12.529997510932384
5.346586911374794,-0.024291861722445025,-12.580341661235105
5.2266848797454655,-0.008207251387540783,-12.543738132090871
5.348696822490068,-0.017122290358546413,-12.590693491553461
5.25770389068473,-0.045327878493531995,-12.54444015077464
5.371063932020282,-0.02451057885037455,-12.590666636171305
5.244544367468263,-0.008362112197342415,-12.551620801985857
5.361735309855629,-0.017236565843003607,-12.596316633435544
5.267219566586564,-0.045414687247134544,-12.548751925660195
5.37801116448214,-0.024573988292296078,-12.593735589780819
5.2496113129755,-0.008404528128006367,-12.553985573998583
5.365434744792198,-0.01726864790570571,-12.59799550677168
5.454146027237671,0.041866756182554504,-4.220489780123437
1.1777975434911747,0.021153932564475543,-10.061233871140317
1.0129946860259753,0.008763454501192933,-15.110273968770048
-2.517137731595673,0.0015736452585759083,-9.583457102765735
-1.876110923786027,-0.5473384995741222,-7.975411410667129
-1.3302294650760196,-0.4016726344548473,-12.397670214885835
0.5658669873295163,-0.2847874619217775,-12.228541417026328
1.8150460269350783,-0.1963425903278557,-10.176919958203591
2.842633354400444,-0.1539275089571843,-11.275866277591255
3.4108555103043896,-0.09516682980661378,-12.018477906448073
4.048350999674781,-0.08088072912007584,-11.224131047786038
4.30305540279793,-0.06290446589465662,-11.409356092022977
4.674382413185408,-0.0570994548962444,-11.644540865018548
4.755517854394425,-0.04627596865096577,-11.84400532918178
5.002312582714514,-0.045052679488722915,-12.033853190351525
4.993842565347692,-0.03754495282523072,-12.168266065523733
5.175547482150871,-0.03873959602551811,-12.294231356497493
5.120025292466393,-0.03294632482582226,-12.371975886247139
5.267364552103044,-0.03540083226662601,-12.45149120968814
5.186998065040908,-0.03050701744858877,-12.473849313999397
5.316106162716286,-0.03362519268928704,-12.530512921448931
5.222563235796045,-0.02920677918411433,-12.523990592832275
5.341978368809905,-0.032678817257220626,-12.569918644615276
5.241440477970989,-0.028512675809372494,-12.548219530140182
5.355704674947256,-0.03217389436693448,-12.589293426900621
5.251455490716896,-0.02814148812088437,-12.559632985703766
5.362983289686677,-0.03190409729060777,-12.598641430954972
5.2567661321747465,-0.027942371184829277,-12.564814220185122
5.366840699280376,-0.03175954657635296,-12.603035533325809
5.259580682244589,-0.02783496450302189,-12.567033385147486
5.368883725977313,-0.03168172052797913,-12.605023813809652
5.261071521434278,-0.02777645819576541,-12.56789001213454
5.369965088853105,-0.03163945231825407,-12.60587081334809
5.26186079132232,-0.02774404493221953,-12.568150425857938
5.370537087254342,-0.031616143040879764,-12.606194292386647
5.262278473492782,-0.027725572787679745,-12.56817124326051
4.302866429978041,-0.6936271717493009,-11.507047859131212
3.1426643927881166,-0.5089817622614224,-11.239532325430886
2.2935587406939875,-0.3712076668022952,-11.043769587819602
1.6739310948814925,-0.27077741140484296,-10.901013635147955
1.2217059815688203,-0.19751840731012363,-10.796837228040635
0.8916527695923387,-0.1440754220454083,-10.72080616899383
0.6507656164424842,-0.10508887344545917,-10.665315526436881
0.474955734602135,-0.07664904619194463,-10.624816030532838
0.3466420824041524,-0.05590346692350791,-10.595257709494959
0.252993246788622,-0.040771003802029755,-10.573684732290184
0.18464430260491632,-0.029733314119278646,-10.557939806570936
0.1347603192108266,-0.02168267724202961,-10.546448446749967
0.09835286645971048,-0.01581096533385139,-10.538061524851663
0.07178117069798706,-0.011528631028843437,-10.531940357265235
0.0416970886274763,-0.008619817438240142,-28.296506504042704
1.5773172646586344,-0.04197434386419107,-23.754659503622605
1.1512970565552687,-0.03596866293276678,-20.12742918795965
0.8401871891456802,-0.026789786385545005,-17.52514283882053
0.6131919951151606,-0.01964220604123765,-15.63081391802341
0.4475319560255159,-0.01437021646846423,-14.248787767980597
-2.212021575845955,1.3402874403906924,-11.244464624307968
-1.3583596731663434,13.074720361749485,-13.148289652073501
-1.3394136593597497,1.2602224103413686,-12.780039876480254
-0.9810403329465047,6.122043202846989,-10.849117515774974
-0.7160047849157012,2.129713645513573,-10.768255277730294
-0.5223993756098672,1.5547088996961662,-10.699883463924523
-0.38126975111762823,1.1348655466335589,-10.650007004983575
-0.278269234778053,0.8284076913376968,-10.613621335694203
-0.2030965434286091,0.6047152459243417,-10.587071048169713
-0.14823307530939517,0.44143409925076593,-10.56769706927563
-0.10819188649352635,0.32224779514141066,-10.553559862241462
-0.07896849213658737,0.23524705085651038,-10.543244117573801
-0.057640286276416514,0.17173932448992577,-10.535717000489262
-0.04207424713185212,0.12537991714463056,-10.530224790369333
-0.047070825707851996,0.08041201818631827,-10.519801579280678
-0.05125989106793136,0.046097136225677536,-10.511674776182007
-0.055398354465992915,0.020507840039632956,-10.505252654355617
-0.059159090360975296,0.0015546715000092151,-10.500242463819077
-0.06248552902859652,-0.012469956319937178,-10.496334106156027
-0.06538240327873086,-0.022853137196996623,-10.49327885545601
0.1391457085260535,0.02342191120289875,-10.526640596930754
-2.910191815629832,0.013295031329558081,-9.419655583501264
-1.9514354387436423,0.011896060444468125,-9.738650367245837
-4.49059397970016,0.013365604293922646,-8.823609495718589
-3.1028681301234933,0.0325666628342452,-9.309706660013049
-5.277567896608119,0.01862655677172123,-8.511682488064896
-3.6795104941541457,0.016295994267523574,-9.076124770868097
-5.752331560011511,0.01640392342273654,-8.327958312345558
-4.023592058714531,0.03499141366359049,-8.947951638506497
-5.949734667898897,0.020320751202813264,-8.240394940284535
-4.169717507997636,0.01755822771905109,-8.878176544548854
-6.110205506955876,0.017309469794614528,-8.179124583255778
-4.2847430032216245,0.03571958405219684,-8.839321178045012
-6.1404301127837,0.02083023831853211,-8.158483566846726
-4.308603632164653,0.017961162524775167,-8.818430606434145
-6.211534434773083,0.017597253013555685,-8.133957406490724
-4.358694303752507,0.03593790197349353,-8.806355481019711
-6.194454726552662,0.020979710267444128,-8.133473540882985
-4.347787369122787,0.018098704476603708,-8.800207460413661
-6.240054785610557,0.017694083778367158,-8.120106574473207
-4.37951921742355,0.03599717236314938,-8.796247318392565
-6.209687325041312,0.021017555244076648,-8.125752821387366
-4.358690839031355,0.018151792485878462,-8.794598674944584
-6.247926962507164,0.01773040515083907,-8.11582646842297
-4.385277557962398,0.03600672949846513,-8.793124720548903
-6.213915502102111,0.0210209139355192,-8.123349945786224
-4.361587934658585,0.018177004873480472,-8.792867934892982
-6.249959135507545,0.017746906907049897,-8.11450708497068
-4.386773833961467,0.036001163312727194,-8.79216304485673
-6.215027501633581,0.021013376000277716,-8.122603724553903
-4.338974956955121,0.014103326106059858,-14.895819638529055
-6.20494858184058,0.023157881596989074,-9.875278310663292
-4.341603165394668,0.03553990163933417,-6.467584646400301
-3.1728677214536165,0.02391952486155826,-9.124614345399081
-2.297728482245752,0.030311663239609,-11.601800488522384
-1.6551577077953845,0.037379044838787456,-9.324991612689619
-1.1825336691826736,0.05205982625590164,-8.888840869148291
0.6357756439847977,0.030090999326420054,-11.111735083914809
1.8193706589222698,-0.010467146213238476,-11.29735021480364
2.861671450250956,0.0011951155597876642,-11.678933987994524
3.4133840438837266,0.010843948459748984,-11.898133853752173
4.025412281898184,-0.003192824654749824,-12.115008778994449
4.2920224689814575,-0.035239361581058073,-12.204557133866272
4.666334960057197,-0.017129048733723302,-12.339900980890226
4.730412260173597,-0.0023456848450153257,-12.37305674672614
4.986556627863883,-0.012823169232421359,-12.46436190246043
4.993507969272587,-0.042204980156119634,-12.455113681799952
5.178259882915734,-0.022208829801577772,-12.524413603583671
5.104043735155192,-0.006052011893775289,-12.505069020962306
5.259219323503191,-0.015530062871341852,-12.561699252291582
5.192513063349146,-0.044164454181972554,-12.524558286473512
5.323484359949289,-0.023637589844761983,-12.575692682752457
5.210035779575622,-0.007093049217954412,-12.541534441148908
5.3365660998672375,-0.016291437215365783,-12.588670979706015
5.248965727885634,-0.04471521429342025,-12.543664898692414
5.364679357922299,-0.024038989514786193,-12.589852995880408
5.240099981096209,-0.007382971462518463,-12.551521199728539
5.358504306691206,-0.016504419605674298,-12.596089073826178
5.264977871603236,-0.04486960503318555,-12.548868667298592
5.376363268487671,-0.024151394981775494,-12.593728990032394
5.248624981612079,-0.0074616587946191686,-12.554223530620211
5.364724758617829,-0.016563074889386117,-12.598108090481773
5.269518159522411,-0.044912683963555175,-12.550265251430003
5.379676032361391,-0.02418267898754794,-12.594776621940575
5.251040297221471,-0.0074811874240845,-12.554941794460191
5.3664870012483,-0.01657841779694284,-12.598649184100802
5.270804510183361,-0.04492456264218896,-12.550631491451515
5.380614483838116,-0.024191245997577795,-12.595054272828307
5.251722897712254,-0.0074842970473380024,-12.555127166145034
5.366984963018176,-0.016581658347764244,-12.598790552589145
5.2711680695226955,-0.04492769711212587,-12.550723553808787
5.380879646631023,-0.024193460811185896,-12.595125300272551
5.251914323627245,-0.007482957118225022,-12.55517231151699
5.3671245660841755,-0.016581545977464335,-12.59882567634345
5.27127004842214,-0.04492836287989736,-12.55074450242893
5.3809539747617325,-0.02419389354659184,-12.595142060253279
5.2519666946755965,-0.007480498394627558,-12.555181729981484
5.367162727075439,-0.01658052332093356,-12.598833317219881
3.310988733898757,-2.0827215694776955,-12.331397069131118
2.414332974200856,-1.52062043508634,-11.838866642094118
1.761929584980674,-1.1096037695894008,-11.481082788757837
1.2859271422834788,-0.8096107128519672,-11.220139032585148
0.9385283720236028,-0.5907019942713374,-11.029716691297551
0.684980629709008,-0.43096860808906834,-10.89074622389464
0.49992923551638746,-0.31441734822961687,-10.789324666654194
0.3648697071194838,-0.2293766721283394,-10.715306795221533
0.2662966263275157,-0.1673292449451693,-10.661288532274654
0.19435310673717465,-0.12205962291213035,-10.621866227312886
0.14184513029249568,-0.08903221416715898,-10.593096183791978
0.10352216323359964,-0.06493731900757961,-10.572100217945506
0.07555211655993894,-0.04735983628863587,-10.55677778472087
0.03888626502983239,-0.04672188404302587,-10.538952990562356
0.010666576300268366,-0.04711248222352891,-10.525263915804732
-0.010789760879677139,-0.04774977303535246,-10.51489544627819
-0.02710590981287517,-0.04843928853672964,-10.50704486352733
-0.03953950257993474,-0.049110098779034245,-10.501089148641901
0.15595814910594827,0.0016235357530383077,-10.532438773131208
-2.9038104659362363,-0.0021916918167198493,-9.503361862706406
-1.945907505766409,0.0009507935146257939,-9.799884546681952
-4.490017516829098,0.0056990463505112755,-8.916815341493116
-3.103394350626413,0.025357575363680038,-9.377957575918797
-5.285260855067817,0.013531036195418036,-8.590451452827294
-3.683897798172499,0.012924323533098662,-9.133812783591878
-5.761877408042442,0.013986495895721422,-8.387846204284312
-4.030839576396231,0.03260262227347409,-8.991802481122004
-5.962730526208082,0.01858959198758402,-8.28309034773771
-4.177945327783252,0.01663922120283326,-8.909549271239715
-6.123236903025643,0.016650526563507576,-8.208747232403738
-4.294360511801635,0.034884330136084635,-8.861059905265996
-6.155292030567406,0.020186900357897657,-8.178433348999455
-4.318344644704366,0.01781376372677426,-8.833189201222044
-6.226004002776844,0.017491975747516243,-8.147436338756487
-4.369281826681765,0.03562644925964739,-8.816302622864121
-6.210050798323267,0.020703144177565,-8.142428290004325
-4.358267977285884,0.018187381971738296,-8.806920074148785
-6.2552532206273215,0.017758248479558144,-8.126245221901828
-4.390597730502463,0.03586913567757,-8.800832973389825
-6.225633264879313,0.02086962798456081,-8.12993070077812
-4.369624255195822,0.018307178617720944,-8.797803545868872
-6.2635843269920715,0.017842509279409842,-8.11886110149963
-4.3966653673621465,0.03595002809675675,-8.795442531362761
-6.235424599636556,0.019003530298406374,-24.53337136191459
-4.375611097057256,0.017056226941792076,-20.327234326062598
-6.261847607137472,0.016808223011749508,-16.101898418018507
-4.39561862425813,0.15322564275874603,-14.619575081074784
-3.5377220827634877,0.8125820577717467,-10.831699573372175
-1.05291099770393,0.5859229126400496,-11.530862867643608
0.5719014586690969,0.42502675933273465,-11.962808279998177
0.4533352411733362,0.31907433329364066,-11.586173238971774
0.30941929385233324,0.2177877589457644,-11.288555636689761
0.19303865839413858,0.1413894539583494,-11.065953461725407
0.3194347796217123,0.09505340340753454,-10.941620750257123
-2.81711803119507,0.08308651741930424,-9.308403972242292
-1.8763569802510867,0.062464494422230274,-9.660391965839636
-4.421047744367551,0.05925904858011478,-8.373228047366275
-3.0466936807747658,0.04593871226365381,-8.9780586331571
-5.2753101212340505,0.047102827003038354,-7.875193844649849
-3.6700649388809055,0.03729816764489661,-8.614628617727107
-5.577917162188237,-0.5812720580952583,-8.345197427067985
-274.9246581884143,-38.97792910614722,-105.27677858167984
-435.19695043984746,-42.779375107016705,-187.21129855213184
-507.1635503633172,-37.574745286669945,-242.02757782943766
-370.97310555856905,-28.765985103667774,-179.26670706137537
-271.30208172862217,-21.06217406531689,-133.78812513416744
-197.97588654094187,-15.375969343206567,-100.48963359781133
-144.486496797909,-11.222867705550303,-76.18358386545567
-105.45187540090963,-8.190938431174338,-58.443070538146785
-76.96330435041722,-5.97798947202773,-45.495117309873606
-56.17117907263557,-4.362887792811482,-36.04511559374476
-40.99618668542354,-3.184134899220897,-29.148091083468653
-29.92081466664473,-2.3238468085119783,-24.11434316090573
-21.837523841509636,-1.6959851788212479,-20.440495857424377
-15.937984638953143,-1.2377558259303763,-17.759163145471174
-11.63224288623936,-0.9033293034274334,-15.802210666446376
-8.48972422771241,-0.6592577030034248,-14.373942293550277
-8.970370444767536,-6.590871405050067,-12.83500700329957
-9.265903697719008,-1.4604424543071906,-13.103367141524354
-6.782977089023548,-2.5874768407036046,-11.872638642441064
-4.950467498577418,-1.5406619808961073,-11.198637037445367
-3.612661197666589,-1.124230206513988,-11.303405234219797
-2.6366500960389567,-0.8204773666926366,-11.090587544744746
-1.9243440868661355,-0.5988032557861718,-10.93520545429897
-1.4044721331306675,-0.43702056366559316,-10.82179407856338
-1.025046467245055,-0.3189472780748565,-10.739020705041735
-0.7481248821334181,-0.23277431328114068,-10.678608965708824
-0.546015321310941,-0.16988312187402016,-10.634517803361648
-0.3985068637007545,-0.12398362552957333,-10.602338121573808
-0.2908486859784596,-0.09048513170119363,-10.578851961056246
-0.21227498985141652,-0.06603721509976761,-10.561710713448983
-0.15492842397128645,-0.048194637423908095,-10.54920026146585
-0.11307434895241451,-0.03517279461782794,-10.540069567271873
-0.0825273737224145,-0.02566923381012253,-10.53340556869203
-0.060232816459996716,-0.018733390638951627,-10.528541873022887
-0.04396123653292652,-0.013671519257614053,-10.524992117661135
-0.03208549039444605,-0.009977307281593671,-10.522401333890336
-0.02341801735038885,-0.00728123635451642,-10.520510450028858
-0.017092083585109354,-0.005313624042890883,-10.519130384188468
-0.012475108724470704,-0.003877650687453266,-10.518123136146995
-0.009105407836357438,-0.0028296736569652253,-10.517387987276923
-0.006646023064458472,-0.0020648600375529264,-10.516851428701534
-0.004851027724509572,-0.0015067012058099759,-10.516459810425633
-0.003540933714252524,-0.0010993601003741686,-10.516173976322577
-0.0025847427198306106,-0.0008020862345665585,-10.515965348541878
-0.0018868464832320466,-0.0005851394283400087,-10.515813069660343
-0.001377465760902178,-0.00042681512058443587,-10.51570191706284
-0.001005672703744427,-0.0003112731848398157,-10.515620780572458
-0.0007342978303655684,-0.00022695349782774285,-10.515561551529585
-0.0005362132753268969,-0.00016541937782028546,-10.515518311802877
-0.00039161981566929226,-0.00012051386052364789,-10.515486742130518
-0.00028606715376344337,-8.7743565588544e-05,-10.515463690101909
-0.00020900880203610021,-6.382928630324622e-05,-10.51544685493037
-0.00015274746501418884,-4.637784651262032e-05,-10.515434557405374
-0.00011166528438132724,-3.364282550654089e-05,-10.515425571921659
-8.166208150318355e-05,-2.434966584088466e-05,-10.515419004044467
-5.974537205287972e-05,-1.756820919794682e-05,-10.515414200880928
-4.373106532352121e-05,-1.2619678542068628e-05,-10.515410685973592
-3.202511072472113e-05,-9.00874581494881e-06,-10.51540811154865
-2.3464128439745792e-05,-6.373907850092749e-06,-10.515406223779571
-1.7198943800037472e-05,-4.451340663076609e-06,-10.515404837427708
-1.2609808172244283e-05,-3.0485313160047313e-06,-10.515403817267968
-9.244423686646034e-06,-2.025003527365292e-06,-10.515403064586895
-6.772610228944909e-06,-1.2782364007256724e-06,-10.515402507383516
-4.953420557850966e-06,-7.334564713584564e-07,-10.515402093063146
-3.610986887405679e-06,-3.360071862909931e-07,-10.515401783238138
-2.6168835002362122e-06,-4.6096481624641074e-08,-10.51540154989126
0.003693646456896428,8.145283217641212e-05,-7.203290467714615
0.002821720423733136,6.065966667729825e-05,-3.953289791497907
0.0017721652127922808,3.961210466646805e-05,-4.786014534703461
0.0019123779113384082,4.220017437020003e-05,-9.003575318837957
0.001581855676368193,3.3846032718096496e-05,-8.960767145040746
0.0011036384871218423,2.397858113677828e-05,-7.851474927566825
0.0007303096089496651,1.6779348206103277e-05,-9.507885401153368
0.0005537596204586253,1.2854017726028884e-05,-10.226486139083425
0.00041177369917198137,9.510906902496123e-06,-9.741690481833874
0.0003102670835012189,7.468335850532576e-06,-9.95075560409036
0.00022536999460708224,5.690289487551783e-06,-10.103302952401174
0.00016427834237076492,4.365137025328324e-06,-10.214634284816333
0.00012000872301883226,3.393335052562477e-06,-10.295888249331728
8.776446453220178e-05,2.6817812218613235e-06,-10.355190886498544
6.424899845119778e-05,2.1607959396746807e-06,-10.398472536321034
4.709657808050161e-05,1.7792391647410395e-06,-10.430061374226892
3.458699019111753e-05,1.4997225998719033e-06,-10.453116286838917
2.5465483428955644e-05,1.2949336059912226e-06,-10.469942767255828
1.8816519299583614e-05,1.1448480510804185e-06,-10.48222346525357
1.3971886744035803e-05,1.0347815850283523e-06,-10.491186452335532
1.0443905301205672e-05,9.540711762021412e-07,-10.49772802883019
7.876629461271413e-06,8.948694763018451e-07,-10.502502353925047
6.01032151112051e-06,8.513716769359023e-07,-10.505986861715945
4.655410212661112e-06,8.194626298893369e-07,-10.508530004439251
3.6735226155263315e-06,7.959924590812444e-07,-10.510386097828972
2.96370617205924e-06,7.787205838749323e-07,-10.511740752631772
2.4522730463209624e-06,7.660093242232227e-07,-10.512729435695494
2.0853921929886806e-06,7.566338524599762e-07,-10.51345101663931
1.8238742292321269e-06,7.497098168019423e-07,-10.513977654862535
1.6390606485445622e-06,7.445919823085281e-07,-10.51436201543
1.510057938668583e-06,7.407741198376262e-07,-10.51464253563876
1.421628213212283e-06,7.379546165030931e-07,-10.51484726868303
0.021450859286621812,0.01412578820075892,-10.523459817971018
-0.20762360989051726,0.5255188084919542,-9.948898001709654
-0.16100754283609098,0.3780608543260911,-10.09613166532374
-0.11802878200047495,0.2759203859152386,-10.208886698143928
-0.08618360744391561,0.20152714350907835,-10.291618089489774
-0.0629056357213311,0.14721652700616217,-10.352049244510063
-0.04591475938350466,0.10755380325684671,-10.396163565432614
-0.033514704134098953,0.07858542336999728,-10.428364112674794
-0.024465188338087876,0.05742617651082282,-10.451868337191598
-0.017860901901106056,0.04196963212844481,-10.469025001144688
-0.01304113541495135,0.03067780205210725,-10.481548483582108
-0.009523697941703891,0.022427686177161676,-10.490690105169719
-0.02317773427365387,0.005321417240052695,-10.490998459586969
-0.03385303931167098,-0.008736307160445964,-10.490634920317959
-0.042743977027163954,-0.01954836606823416,-10.489874551973337
-0.04998731379190875,-0.027721785863238504,-10.488993653192564
-0.055866634610423606,-0.03388297840913308,-10.488096770703587
-0.06063561667004344,-0.038530315600412396,-10.487237643744628
-1.2912623090512392,-4.370932138265413,-12.593570448497985
-1.2512556254814198,-3.4134807449844295,-8.945446985546994
0.36379102781260375,-2.4285689578735723,-10.040405358699665
0.2469871612550199,-1.7869267323961247,-10.159915246908435
0.1615379488823428,-1.3177888491426395,-10.247912811732318
0.09867546425703032,-0.9753767362019169,-10.31200688159526
0.05230612220498007,-0.725583370915444,-10.358584267476827
0.23330158123349098,-0.5399074342986941,-10.427008552763796
-3.30554802316347,-0.37458053011688786,-8.65037735097021
-252.83416928488873,-13.385595211319568,-45.94304420217609
-189.58004689726658,-9.780013034273107,-32.39869998234862
-140.24274896288227,-7.0924416467396805,-23.222928541746953
-158.42391610387887,-4.396761623331981,-19.49284724727754
-117.70055402012451,-3.0441508370542576,-15.877642975287445
-85.9017001009631,-2.2212410244640495,-14.426110278853486
-62.69495778454048,-1.6211521401040663,-13.368663538992415
-45.75756925813711,-1.18324614290918,-12.597668082284313
-33.39588518555756,-0.8636392037509171,-12.035105702467577
-24.37378016765087,-0.6303650506634056,-11.624544965391893
-17.78905187041508,-0.4601017374064525,-11.324902789446599
-12.983228706682908,-0.3358285128676153,-11.106211185356797
-9.643468646588936,-0.2985293124869064,-8.563687189136527
-7.037998341139424,1.132901157925835,-9.859250275738182
-5.136528445020522,5.393966147560086,-11.219863223884305
-3.7488297527666274,0.5897256051742668,-10.104864646173159
-2.736059126887116,2.3268508342727685,-10.002991971928967
-1.9969332784253697,1.697459508726201,-10.493218996356955
-1.4574563809902714,1.2389094866208419,-10.49923765612201
-1.0637175200325373,0.9042130189967643,-10.503607629411986
-0.776347768478959,0.6599343450141761,-10.50679427140565
-0.5666123872728688,0.4816489000780033,-10.509119681067029
-0.41353826300866087,0.35152842006572727,-10.510816814673788
-0.3018180505542985,0.2565608481433686,-10.512055439450625
-0.22027974023064878,0.18724939785098005,-10.512959428810477
-0.16076950464497494,0.13666289919693636,-10.513619187431996
-0.11733632281731576,0.09974268276360951,-10.514100696167864
-0.08563687894062236,0.07279671180067332,-10.514452110695972
-0.062501230966371,0.05313037746846205,-10.51470857709079
-0.045615816390769844,0.038777037288877284,-10.514895746502036
-0.03329209595689947,0.028301350119036686,-10.51503234027321
-0.024297699800237417,0.02065574191199131,-10.515132022027506
-0.01773319041906798,0.015075647629112333,-10.515204764068177
-0.012942118954897447,0.011003054613375803,-10.515257844609806
-0.009445380295907817,0.00803070108027088,-10.515296575606705
-0.0068933025010360265,0.005861349737214083,-10.515324833945261
-0.005030679719640243,0.0042780639553258335,-10.51534544913479
-0.0036712515172965476,0.003122514037062993,-10.515360486289492
-0.0026790768620363736,0.0022791441603210415,-10.515371452585482
-0.0019549400702751885,0.001663616634888517,-10.51537944803965
-0.001426429169514773,0.001214378282720135,-10.515385275477657
-0.0010406947021641768,0.0008865048982533113,-10.515389520812615
-0.0007591648473628553,0.0006472088213398736,-10.515392611701852
-0.0005536882367162561,0.00047256028726250427,-10.515394860211345
-0.0004037186738007348,0.00034509425952139385,-10.5153964941429
-0.00029426065688531304,0.00025206402040957174,-10.515397679750244
-0.0002143699161946778,0.00018416649115238616,-10.51539853829537
-0.00015605872663065358,0.00013461188855700166,-10.515399158358305
-0.00011349736416784304,9.844472527453446e-05,-10.515399604549788
-8.243099070188129e-05,7.204828727227377e-05,-10.515399924007474
-5.9754265758982045e-05,5.2782988204084396e-05,-10.515400151150399
-4.320071829394938e-05,3.8722238495871306e-05,-10.51540031110594
-3.111627077597888e-05,2.8460009531709517e-05,-10.515400422168927
-2.2293608759579927e-05,2.0970106096624607e-05,-10.515400497732402
-1.5851642981227212e-05,1.550355305610123e-05,-10.515400547528317
-1.1147283408581525e-05,1.151375556782014e-05,-10.515400578661165
-7.711187474683616e-06,8.601731523833642e-06,-10.515400596323406
-5.2008370747154284e-06,6.476315028168769e-06,-10.515400604293346
-3.3661770159064305e-06,4.9250014750703366e-06,-10.51540060532615
-2.0247229239550717e-06,3.79271846472267e-06,-10.515400601446888
-1.0433199769514252e-06,2.9661982068152876e-06,-10.515400594101376
-3.247636291643238e-07,2.362895164028804e-06,-10.515400584366157
2.0192770240121964e-07,1.9225321086456693e-06,-10.515400573004632
-2.588960188245045,1.2050200601472403,-5.973128286447461
-1.2963962285622337,0.9455171630612557,-7.2438691558897075
-0.9458738351028717,0.6966848823636939,-8.102988448640573
-0.6903061878775927,0.5091918230961422,-8.752063643237234
-0.5038105111038351,0.37171648723637846,-9.228155498995045
-0.36770117031265515,0.2713105200439145,-9.575882432639505
-0.268363118021987,0.1980206331853976,-9.829695986914894
-0.19586201987755697,0.14452830399991456,-10.014943084748767
-0.3822586825163061,0.09248185904809551,-9.848922936606618
-272.2903195913979,-9.902121439991943,-58.99098211817724
-216.59022081292775,-6.804547143305111,-43.832473235749944
-226.61390388152424,-3.0298204417861663,-34.10263614597924
-361.2731941180217,-2.8663710603831456,-29.694486007403015
-264.32044513893527,-1.7101145123259185,-23.898180870213295
-191.77682544391308,-1.781433453293456,-21.359937895580057
-140.7426954021088,-0.23700745393651546,-16.082058070903166
-102.72499468332789,-0.17450657273558728,-14.573245881557424
-74.97340537251351,-0.12717716149762961,-13.476754349959009
-54.71887620499926,-0.09258486386840029,-12.676694509301768
-39.93622795417499,-0.06737654499953427,-12.092779181386042
-29.147206049897328,-0.04901578096342979,-11.666615487029823
-21.272906811237746,-0.035645902747384633,-11.355587152990386
-15.525899385878478,-0.02591270146075017,-11.128589156634762
-11.331482451364614,-0.018828923389384425,-10.962919443160638
-8.270213882954646,-0.01367495070349229,-10.842009146865145
-6.292835375567344,1.340854795144566,-10.721444466561037
-4.600174615773348,9.578882965076804,-12.00379607601644
-3.7531655263581234,1.7715277261259272,-11.05405406942784
-2.8057973526966378,3.756294957056937,-10.639477333093168
-2.349226570032469,0.175013907995218,-10.922686181552246
-1.7152539771845894,0.12811380176656934,-10.811896572439297
-1.25191867406472,0.09375214401930405,-10.73168378973741
-0.9137096924903286,0.0686185861155079,-10.673215766600238
-0.6668680535316099,0.05023679913907887,-10.630556610171269
-0.4867130297125313,0.03679084699612293,-10.599427906674583
-0.35522873963204116,0.02695319308575974,-10.57671296759033
-0.2592663070506639,0.01975372918846004,-10.560137887714648
-0.18922914218234888,0.014483511037470526,-10.5480432910599
-0.13811326291043768,0.0106243873907512,-10.539218224867327
-0.10080687871719854,0.007797598996983955,-10.532778984956662
-0.0735791989466861,0.005726234916837984,-10.528080687104074
-0.03695009665220484,0.016851613068578394,-10.531836812166796
-0.009490929178716887,0.025296663057371375,-10.534686630018916
0.011393140407667209,0.03177223553945936,-10.537099557174935
0.02731892826722104,0.036722190103441625,-10.539150983620782
0.03949254671538759,0.04050375585315739,-10.540884775256139
0.036476674502091556,0.06254306534121166,-10.538143372010708
1.3516276268950778,0.05204764163743563,-10.887889514827096
2.522659170989056,0.027508833275039012,-11.44530491455794
3.1992980099309625,-0.011828685680402507,-11.606563406317054
3.871634705902831,1.3767041224197266e-05,-11.944081678125464
4.156340013108411,0.010442971928541652,-12.018608869130084
4.570874851567026,-0.003516318038466644,-12.230072303541284
4.694369352811498,-0.034908367438983734,-12.244385477103451
4.963549791560849,-0.016888774469592565,-12.385228392275602
4.952718811899787,-0.0017094941832691713,-12.379753885941222
5.152555408173416,-0.012372859523724297,-12.479011001745013
5.118804357642616,-0.04160903490674364,-12.44965518905825
5.273587013974186,-0.021787969365044818,-12.526240048402334
5.178639273570756,-0.005278173082022001,-12.496806393020028
5.317607923804343,-0.014965776659765647,-12.559145303164271
5.239206811741211,-0.04358010126244851,-12.516664995534518
5.361557266022884,-0.023224932709719842,-12.571965590512153
5.24255492480262,-0.006343367987681314,-12.535260513655546
5.364319565961714,-0.01573274167934778,-12.585294947699367
5.2732552254257286,-0.04416027106162057,-12.538827925444144
5.386440921439387,-0.023643494209161696,-12.586992998901374
5.260469350838567,-0.006671048505133434,-12.548038317030674
5.377420013333249,-0.015962562370955894,-12.593927404300295
5.28278102011049,-0.044328250605133346,-12.546236713849375
5.393404691865226,-0.023760512871058653,-12.591987256191478
5.265335715989483,-0.006778853762079366,-12.552313256918522
5.380983546340545,-0.016032915040694828,-12.596796310038838
5.285351477719079,-0.04437332825688345,-12.548727240774777
5.395284201267367,-0.02378799460534778,-12.593657573967931
5.266515840511615,-0.006842460581308156,-12.553738076253099
3.3509030571925806,-2.7037596464296505,-14.698183212732925
2.463716589577129,-1.9298247752457796,-13.501115446211166
1.816483868394322,-1.3918264434874372,-12.694274965961682
1.3447003173238616,-1.0019411648598464,-12.112852777845568
1.0009252104939543,-0.7175511780927146,-11.689518094671184
2.259174064494036,-0.5080362939360261,-12.16343244593141
2.993574823821837,-0.37191098642604725,-12.425522343053128
3.717973127491094,-0.2822535018391921,-12.694057430013657
4.059956510239452,-0.21053814558670247,-12.812181376724608
4.496270856728247,-0.16493101484503336,-12.976185755326785
4.627880321914418,-0.12529877512928989,-13.01797386623947
4.910768088640497,-0.10274337580638285,-13.126387088987236
-14.052147083665973,-6.917864195326124,-9.51001131426387
-205.59089020891932,-3.178758039106761,-28.293882855276728
-356.27857767068923,-0.11745512669258273,-44.160120151588984
-269.0092079519154,-0.39472217151217753,-31.572969829588516
-266.03835541197475,0.09038207244869961,-19.245695105617013
-196.4051015809443,0.08882842469222842,-14.153552176634967
-145.01124107357927,0.013800166335705896,-10.707536999907955
-106.53319817716317,0.3523218398136282,-10.012859657029923
-78.43869133962637,-0.0642282597003902,-9.502296395207148
-57.93754680708072,-0.3781018984182354,-9.138985931235258
-41.24101777093747,0.20218631622605354,-10.508057933461593
-30.286105145811533,2.0171410176525413,-8.606607951492666
-22.507901316207754,1.3363550447554644,-8.64850885294058
-16.48206108655434,0.9224321293494976,-9.129164708407435
-12.029746068145947,0.6729728841160777,-9.503439522423193
-9.05570225711041,-0.677563200751392,-7.074101443407798
-6.683862455670331,4.759853506983421,-8.811975079065036
-5.553604888884464,0.39522743518816483,-10.44297523076477
-4.119966962222078,1.5208038611542212,-9.449560405410832
-3.0073153827928696,0.8826283047627816,-9.487402424692974
-2.1949779716622344,0.6122554014589187,-10.189603991525528
-1.6020062942100473,0.44703186292331787,-10.277541521350297
-1.1692137681863621,0.3264499125805506,-10.341764892236203
-0.853343197370967,0.23841048619040683,-10.38864824928378
-0.622808002111014,0.17412615807273396,-10.422871270638883
-0.4545540482113425,0.12718484966216287,-10.4478528406804
-0.3317554988994613,0.09290583375237338,-10.466088756967347
-0.24213217011470292,0.0678720294641919,-10.479400755316439
-0.1767214729067193,0.04958878228089313,-10.489118546788797
-0.12898213700282715,0.03623480383633181,-10.496212713263544
-0.0941400723183664,0.0264803701465868,-10.5013917085639
-0.0849467758620697,0.007194933899542906,-10.498497380247022
-0.07970702256224128,-0.00773976041380363,-10.495698595701734
-0.07675163034057697,-0.018994966721046454,-10.493273590957763
-0.07525768354835456,-0.027436291785621073,-10.491216819835826
-0.07469800256569269,-0.03376661594092612,-10.489486754682634
-3.1820212231489675,-0.014149555395295773,-9.462841044258347
-2.1486092084995994,0.011514371210095842,-9.776266474999971
-4.595912050408952,0.004110955262248937,-8.913935397655177
-3.180439637192486,0.005687003863723302,-9.36993039176403
-5.401506825907843,0.008761567655906837,-8.580241612140313
-3.7682748382898943,0.028231334675002804,-9.132359583024115
-5.778540343617476,0.015400743748462396,-8.397779304707697
-4.043631106370124,0.014407620105919179,-8.993340697780647
-6.0329656286359015,0.014969044186270902,-8.277363747617796
-4.228750382455576,0.03337341057757778,-8.911254676314298
-6.115024504590554,0.019021326671202078,-8.219630904450792
-4.2888997940255855,0.017101756280668432,-8.863367269043119
-6.212468880643515,0.016903828731672867,-8.172374960609037
-4.359625118319894,0.03500119438882984,-8.834610371627502
-6.210700066756721,0.020163029016600074,-8.157624643704079
-4.358601171980357,0.01796093153876769,-8.818132487639684
-6.263526984826966,0.017518985144093013,-8.135696644606206
-4.396835758156902,0.035534508572562656,-8.80783430574531
-6.23790741725835,0.02053450873902065,-8.135888954949484
-4.378429707828413,0.0182298507252144,-8.80227569346279
-6.278073759924063,0.01771047543398662,-8.122797238684415
-4.407431352526878,0.03570728511309676,-8.79841739688145
-6.245655590498958,0.02065279546079727,-8.12822334225785
-4.384072958693628,0.01831493332925594,-8.796684990159273
-6.282222139691327,0.017770004948232217,-8.118236818543727
-4.410449947921602,0.03576450790585312,-8.795088229976795
-6.247861588685766,0.020690420050136785,-8.125507342162733
-4.38567755715423,0.01834143890334864,-8.794705521051718
-6.283406246280818,0.01778767741068714,-8.11661817312459
-4.411309648727233,0.035784026344240535,-8.793906666041247
-6.38035066548484,0.0155623258797125,-6.532007714792682
-7.078622806425158,0.016022271449311808,-13.787460089490398
-3.6316904356853836,0.0022877486053685687,-13.442591716072648
-1.2007596124191404,0.02269336183186941,-9.009570863397798
-0.8815787851143719,0.013912840393479025,-10.916288224469023
-0.6611463209498476,-0.00244818296013548,-13.143608120598788
-0.482869355169974,-0.032966451199106635,-10.266200910224912
-3.443218941612134,-0.02768710123001894,-8.906153742684568
-2.3420319073935616,-0.01763142334489445,-11.105257537795497
-4.79014935054776,-0.0077469633415149005,-10.468150588238814
-3.316429451543083,0.02330925331782515,-10.509898241220414
-5.450731730219971,0.011562271514642805,-9.544928357767908
-3.803927808631733,0.011486352996732343,-10.048025501701732
-5.8538651005928255,0.012797470798967996,-8.971948568648195
-4.097342637514144,0.03255140683672058,-9.482324599679194
-6.012705690063337,0.018349436042065098,-8.60048757443483
-4.213755421955694,0.016572241863439707,-9.152944363208034
-6.150793942638859,0.016449948708019742,-8.363225885238892
-4.314399175945049,0.03522523675490496,-8.973768216364727
-6.170162937219693,0.020262284982220213,-8.246797081785875
-4.328907533000239,0.018009440764983283,-8.883185779782915
-6.234346604388823,0.017509350411123028,-8.175541489918203
-5.229196272957045,0.2126052983334626,-8.067095517091946
-4.740543352787341,0.957308367219319,-8.088237886094946
-3.4608482480676175,0.6985724338182175,-8.742957303305765
-2.525949094551675,0.5100828676101414,-9.22165077366097
-1.8435507664768829,0.3724959343902206,-9.571118973425483
-1.3455033678999482,0.27203950214444667,-9.826192612002416
-0.9820074126483014,0.1986882999110926,-10.012363303746529
-0.7167129769633878,0.14512606620558127,-10.148243601442285
-0.5230901326329713,0.10601196623784373,-10.247418762035444
-0.38177621190423117,0.0774470126214509,-10.319804161494774
-0.2786395217540515,0.056584728576368676,-10.372636627030941
-0.20336615630795024,0.041346964612042646,-10.411198027943026
-0.1484285932838355,0.030216459102486118,-10.43934339640797
-0.12449012940146785,0.011029686763468105,-10.4535338635465
-0.10777352755927182,-0.004549706969618683,-10.463254422898755
-0.09669639461679895,-0.016480007903859364,-10.469838189031341
-0.08938523272588182,-0.025475412975258703,-10.474305219719973
-0.08465668502546733,-0.032240877288274815,-10.477302175697815
-0.06180999208262737,-0.05220320900097228,-10.485923050418744
-3.043928482441004,-0.04004724720726671,-9.493323717473181
-2.048035217820773,-0.026522021515852,-9.792492173908068
-4.563866064261372,-0.01431165828548104,-8.925004445299725
-3.157734938122073,0.01042975893681947,-9.383956934175627
-5.325031367243064,0.0027548708292944755,-8.602872919226753
-3.7129241049754724,0.005237367823967189,-9.142919283261211
-5.782990969126487,0.008302874359894958,-8.399400690987452
-4.046583193041505,0.028302417157463476,-9.0002469998599
-5.974075112244429,0.015411033434337307,-8.29215353681019
-5.110855388812137,-2.976129381296096,-10.816477802357063
-3.7300111571065417,-2.165484903246118,-10.617698295454497
-2.7223204841333652,-1.5797677258418035,-10.577434207669228
-1.9868691756359707,-1.1529196136048463,-10.559317751592694
-1.4501044650960577,-0.8414528076376437,-10.547307511279183
-1.0583499787222181,-0.6141358028986772,-10.538672247987398
-0.7724303792216674,-0.44822893973734224,-10.532383862661908
-0.5637537269859676,-0.32714157382373693,-10.527795818549249
-0.41145235903680505,-0.23876566866996718,-10.524447412022681
-7.946928085393246,-3.365905772977954,-6.0732232564043205
-267.61292018996494,-11.962916974062853,-35.624926611911384
-375.83666561377356,-7.333755010719033,-47.47243118486648
-288.02757248876856,-4.828796653952951,-33.01626385480499
-219.64902447782032,-3.891595796495878,-23.8176624172758
-176.95683160935613,-2.640183938312566,-16.399844927110284
-131.12743077627485,-1.9450645354508052,-12.136128460896462
-95.76691743071297,0.023560498773445904,-10.681701841470675
-69.19972924168846,-3.2867572690375577,-11.305549380074375
-50.506591430945164,-2.3975717520716504,-11.089820475909702
-36.8619871053422,-1.7495824318462503,-10.934535553450754
-26.903490794082444,-1.2767718483374928,-10.82128958299296
-19.635345555630416,-0.9317298543307828,-10.738636289849014
-14.330736421956344,-0.6799258430605288,-10.678313809547198
-10.733330886396116,-1.6382550372200309,-7.9258984336770215
-6.36974578505383,0.15511144411002697,-9.670795878634797
-4.662270388528556,4.54978378289239,-11.158690894100896
-3.401425183422093,0.08050855925024347,-10.004245146313611
-2.48312060987909,1.9583881967547743,-9.887382247357403
-0.2861316113458705,1.4432384528487168,-10.780078270229517
1.1339520541201193,1.057191551398375,-10.948281545538135
2.3586332894708866,0.7606479595547284,-11.531521141791176
3.067631300945533,0.5515433463844533,-11.610057568301123
3.771223581079,0.3911900585160495,-11.971743519480627
2.7227647302641205,0.2653767960651552,-11.569377804855398
1.9662286907400035,0.17900672993058164,-11.276363465497218
1.4020763288681195,0.11312775719715142,-11.056907117447173
1.197031935312806,0.08654647143183955,-10.933646436484935
-2.197493063237295,0.06821358556495058,-9.710495869979244
-1.4300656788676993,0.07184538689416829,-9.957107643493028
-4.064512175981994,0.04729021982635894,-8.992866794811292
-2.7924098863779547,0.03782272611225774,-9.427651075612145
-5.112074511647146,0.032007438301152005,-8.59010159452419
-3.556804002073128,0.045962712926355426,-9.13940488206447
-5.6168690258205825,0.028200814435404075,-8.383442956642417
-3.925241951543081,0.023846861379144768,-8.982897346841169
-5.939268164036083,0.02177700800805823,-8.257857050331657
-4.160417429087834,0.038666466920738524,-8.896905158129815
-6.0575211911604105,0.022841395174496095,-8.201881193382231
-4.246793695701605,0.01993082255216749,-8.850395574765798
-6.1740995431374674,0.01891128609217009,-8.158386570587199
-4.331767393029537,0.036638278509090155,-8.82430241996331
-6.182618539215598,0.021348545165252426,-8.14723808159107
-4.338074409011934,0.018839288261097122,-8.81051903644221
-6.240775469424416,0.01811150909600079,-8.128282728439078
-4.3804150544051925,0.036078565419918156,-8.802329617580039
-6.218136217975749,0.020934722977753322,-8.130603268984549
-4.363988626424404,0.01853594092208416,-8.798380546417693
-6.259710052897688,0.01788859261238483,-8.119061604792224
-4.394228081314305,0.03592552074189993,-8.795599067461428
-6.228220740330338,0.020820398851852766,-8.125474955896701
-4.371345281432468,0.018451401448231264,-8.794639163598836
-6.265088066709776,0.01782600354650474,-8.116199931009898
-4.677607761689277,1.1867652505283417,-9.232989190705783
-3.415586529022136,0.8657699051594732,-9.577906848773587
-2.492967968760808,0.632099110980753,-9.830975538831968
-1.8194840927932452,0.461556394433586,-10.015823291894163
-1.3279392563978953,0.3370472606769671,-10.150755296792017
-0.969188844690827,0.24613998697947004,-10.249242186188495
-0.7073578191195524,0.1797633745402262,-10.321127281261143
-0.5162626506427195,0.13129581416844918,-10.373596121837622
-0.3767934792015466,0.09590351630843741,-10.41189334525331
-0.27500311980236275,0.07005770907493021,-10.439846880821664
-0.20071232666447547,0.05118224497613699,-10.460250640672669
-0.14649185654601546,0.03739637799034805,-10.475143841282545
-0.09438023753692393,0.0329715864416628,-7.174685273439516
-0.04865560614741957,0.03894386725372063,-4.99113051653233
-0.015852326365657504,0.042973600932427324,-4.255776909625399
0.0039354010898532965,0.04260751542178374,-9.326238226032537
0.021960836515481065,0.044521350552379164,-10.198764368480177
0.036923293561048474,0.04748672844619246,-8.587653097735389
1.5640966613960285,0.035047029592984086,-9.757522291805618
2.459255155076957,0.03411119375098163,-10.827147802373943
3.3555136332044437,0.013718814142663453,-10.572776867741727
3.807599031983907,-0.022582394468426192,-11.069930611462752
4.31793920238588,-0.007936640573706267,-11.474794968224822
4.4803109449719125,0.004416959223588132,-11.758992439973492
4.808664164235928,-0.007889278689331366,-11.998399366678361
4.867935242882541,-0.038719433462597236,-12.14312910476985
5.090957077590383,-0.019683186834332286,-12.286070764017525
5.0439973978106325,-0.004190114498115639,-12.347816281382045
5.219686045633176,-0.014179637542048247,-12.440500169264384
5.167926723649006,-0.043070981818257824,-12.445983120994896
5.309683456933137,-0.022839189029058536,-12.51442250832706
5.203557568580476,-0.006583560896909382,-12.502665474817432
5.336009283888557,-0.015925157217321777,-12.557911693070347
5.252832291871405,-0.044265497699654724,-12.524584562635715
5.371570594349434,-0.02370435918224168,-12.574435564401478
5.248742061955189,-0.007221078397199095,-12.542200307956428
5.368938778335571,-0.01639256828110095,-12.588356395238097
5.276871862055779,-0.044580321393293244,-12.544238455897274
5.389086547479215,-0.023932002441954696,-12.589737076889605
5.261529447138646,-0.007387046618632927,-12.551824536937188
5.378254145933127,-0.01651546672497376,-12.595955745549697
5.283673075981984,-0.04466140761286465,-12.548855511529847
5.394039767561984,-0.02399029424838507,-12.593453153221704
5.265143561666687,-0.007427032211337715,-12.553977640774876
5.380885564493309,-0.016546187844499564,-12.597735144467656
5.2855946650997225,-0.04468150792912941,-12.549816990223295
5.395438346903252,-0.024004541828557203,-12.594280270330895
5.266161984549593,-0.007434193050311639,-12.554378395081732
5.381626551628754,-0.016552771744284742,-12.5981028022686
5.286136008949512,-0.04468618336511161,-12.549962375628272
5.395831999111177,-0.02400771620995435,-12.59443183919209
5.26644669731787,-0.007433194095698762,-12.55441499557263
5.381833499510274,-0.016553248307457306,-12.598156660170043
5.286287375443107,-0.04468712018343359,-12.549956331895013
5.395941914089202,-0.024008243140426735,-12.594443969863446
5.266524425684352,-0.007430384164207562,-12.554396519351757
5.38188990824837,-0.016552270844798083,-12.59815295671347
5.286328775655937,-0.04468718993119805,-12.549936434674676
5.395971894766695,-0.02400817935293435,-12.594435520987824
5.266544026298449,-0.007427320427487016,-12.554379976926503
5.381904084554575,-0.016550991344322585,-12.598144389278978
5.286339300513882,-0.04468705069927715,-12.549923253990864
1.9588921310309306,-0.03329668449508916,-8.387961612988427
1.4307412452618955,0.002008189249867509,-5.894935354705495
2.5731912329842284,0.02730946707517451,-7.902076752372718
1.8741248729895887,0.04529508718216489,-8.576006655956004
1.3678566344770375,0.03309643474055266,-9.099633253591474
0.9983205869056608,0.024175308344723697,-9.482067845191924
0.7286173556986436,0.017659023871661503,-9.761223390714083
0.5317767072663125,0.012899810907247695,-9.964968397812381
-16.2232295690687,0.8599159942394984,-11.137672510595351
-281.4678192871944,1.2248359282051138,-32.74843938324688
-421.48038619077124,3.9829636893581704,-49.216954256049625
-403.509916832962,3.509789456136649,-35.76757268434351
-304.49843203103967,2.917269295460797,-25.96288417735206
-277.28731247987884,2.584906904423484,-13.967318774951204
-201.35667185591134,-0.7765298743257456,-17.856491216684546
-147.38275057596718,-0.7416800731657137,-15.410280876764311
-108.24209757802842,-0.9007636810105708,-13.492150263140202
-78.91764242896512,1.0151609827412016,-11.195815505182793
-56.516929930809724,1.2442800987187388,-12.083952659907773
-41.250054037121046,0.9071095305432488,-11.659074322652337
-30.106203656614213,0.662022018308704,-11.350064976357869
-21.97283291774978,0.4832252286928545,-11.124571614583049
-16.03673728247258,0.352728166921145,-10.959993751969321
-11.70431486955632,0.2574768403272583,-10.839877870328813
-8.809800341399708,-0.9820482326451645,-8.048351654070332
-7.938798129050806,-2.0675230358327115,-9.270681590976352
-4.473437028075384,-3.3348528290397885,-11.150156191164253
-3.262733919287622,-0.5705728138576389,-9.968279742830665
-2.382750958134384,-1.9438166407857367,-9.836797352882568
-1.7388247227060667,-1.086382884694061,-10.48535346340352
-1.2694301066963585,-0.7933218556893582,-10.493306692727783
-0.9104733059987549,-0.5660301645035514,-10.506209858935563
-0.6472212820536875,-0.40016491959873235,-10.515936395330813
-0.4541750106262354,-0.27876251113700234,-10.523386391864346
-0.31253214999922746,-0.18990838365945356,-10.52914131394395
-0.20855346858789653,-0.12487264905626662,-10.533600568666902
-0.14454276031528496,-0.058027405351444725,-10.532915973230761
1.2182047028430438,-0.03656167031985319,-10.752989403136965
2.423853183187772,-0.037142685962001036,-11.395622241652584
3.12724623693675,-0.05798885095097042,-11.49157670238216
3.8181315732722716,-0.03357639871409264,-11.889533177485733
4.115870312183677,-0.014649946081460821,-11.931145727794068
4.540852367670503,-0.021809289316511805,-12.183872244356596
4.672461969116288,-0.04784928426927577,-12.182169538006699
4.94721519289048,-0.026280547947512303,-12.350455393115581
4.939355100605288,-0.008829458795368894,-12.337000747109517
5.142650346460605,-0.017558402653829675,-12.45417825539701
5.111582236489555,-0.04520007872793765,-12.421201999027254
5.268177867119351,-0.024377659394113585,-12.509326220734824
5.173476785465309,-0.007361734732830753,-12.478062569455009
5.313805805767264,-0.016487718206910966,-12.547762273813202
5.236464615823085,-0.044585443206422985,-12.504602871342978
5.359493687919559,-0.02394003330536109,-12.564559107033501
5.240074085686812,-0.007012581499395817,-12.52745515447219
5.36251384295746,-0.016233921463531635,-12.580422531595255
5.272001525170923,-0.04446121975979718,-12.533899607909971
5.385491949869963,-0.02385323888169555,-12.583902611342936
5.259029128988944,-0.006936239147430176,-12.544856641282848
5.376385081252962,-0.016179341095637144,-12.591897283423767
5.282121003457393,-0.044444139047838734,-12.544248113800782
5.392899922120177,-0.02384209573009642,-12.590718230454538
5.264427008395053,-0.00692130501667116,-12.551018014311591
5.380338057957874,-0.016169536252506417,-12.59595081444742
5.285004597208674,-0.044445798761258815,-12.547919533833785
5.395012534266715,-0.0238437217841454,-12.593131276489757
5.265964223874654,-0.0069180784681715825,-12.553207944260988
5.381464801444461,-0.01616818635826325,-12.597388754294482
5.285826510931042,-0.04444854535202308,-12.54922610382804
5.395615276073951,-0.023845825460891715,-12.593988564672777
5.266401123276465,-0.006916187521998105,-12.553988241701626
5.381785394571052,-0.016167713180952045,-12.597900219830299
5.2860604156990565,-0.04445004140775412,-12.549691695552252
5.395786998279901,-0.02384691285160752,-12.594293623823027
5.266524194267934,-0.006914027357685641,-12.55426639353292
5.381875825172805,-0.01616694921905795,-12.598082214415761
5.344970913143004,-0.048238632843504964,-10.651949497868102
3.6519717064549475,-0.7289132790605068,-7.726724034310587
2.9412165119300946,0.9001175106106958,-7.129818575705101
2.602360898924519,-1.2675546825372601,-7.275600335927653
1.898796830111242,-0.9245633906444324,-8.149865559608848
1.3858126244387585,-0.6745898975118805,-8.788882308854133
1.0114292349137992,-0.4922113880380836,-9.255297080828141
0.7381847984859491,-0.35913195157397665,-9.595706541760704
0.538757812187878,-0.26202537753374233,-9.844154429472667
0.39320671125609574,-0.19116915182245556,-10.025485148896818
0.2869767878407922,-0.13946838063256253,-10.157830465102462
-283.0749402531553,0.8698408925940582,-25.359731382144837
-423.20795373181363,2.194274141030566,-36.586955107661694
-426.7766884150212,11.113899607704717,-41.27054093644775
-313.4283014596318,8.171951986711747,-30.097230392295614
-282.33934659749895,5.986488162665211,-16.970813893932473
-206.07102606668116,4.368003721839237,-12.422046430391983
-148.00138396773588,1.5118153813725796,-14.703721270711743
-107.04762572090478,-1.344209825415711,-13.278779029939612
-78.13390740761425,-0.981224427194437,-12.525915610950143
-57.02584171819585,-0.7158870554484177,-11.982471757124761
-41.61996815382958,-0.5222642786273799,-11.586111296458501
-30.376077038111028,-0.3809916704326132,-11.296829969557486
-22.169794658468884,-0.27791941217519517,-11.085701194346312
-16.180491428822002,-0.20272077815490552,-10.931614032716631
-11.809236254764997,-0.147860114224852,-10.819158140069534
-8.618903225731495,-0.1078386180928837,-10.73708593485703
-6.5126327775713495,-1.2139138711199304,-8.615596183949892
-6.021885872505976,-1.1967975668905955,-14.247746308886656
-4.742836015941084,0.2068331127634806,-10.081296815355088
-2.478873865538028,-0.3750686213641149,-8.199028041087425
-1.8101516238934305,-0.273909264489258,-12.13575749763315
-1.3207093869624646,-0.2001553766853612,-12.23046474707937
-0.9654784677966095,-0.14545415205807227,-10.148495591495433
-0.7049046087261861,-0.10610767263657062,-10.60771714742875
-0.5144300447301151,-0.07746980717704506,-11.140181614164167
-0.37540515905615934,-0.056574838208442266,-10.577966857907777
-0.27394016470906724,-0.04132923615297319,-10.561048353142228
1.3416985937462056,-0.023904267844521723,-11.153937289236456
2.309768697294361,-0.0035983048806308877,-11.485188893768983
3.2277747011597846,-0.013563204281832662,-11.824363023230655
3.717682694003482,-0.04232171187026417,-11.97410523884118
4.255053600419223,-0.022302471218877906,-12.178107498744748
4.437758302640666,-0.005703956886681773,-12.243780693823284
4.7809928786981635,-0.015290393606459562,-12.373788103319418
4.85131383941308,-0.043716635754843886,-12.381962274398955
5.08250473331051,-0.023323930668210847,-12.473221297764042
5.041655466789479,-0.0064588079039621,-12.46328933161405
5.22179007051132,-0.01584306592619805,-12.532456803978043
5.173022338000161,-0.04415000889816852,-12.500243380652075
5.3173297759134925,-0.023641915548927618,-12.558622743830204
5.213029911415875,-0.006682696828605655,-12.527108951235245
5.346883463852763,-0.01600793972120971,-12.578478701085753
5.264319165414628,-0.04428153608757789,-12.534727035374202
5.383972313855498,-0.023738426013273504,-12.583455908122247
5.261662380251945,-0.006747593268307987,-12.54577139444841
5.382383628399509,-0.016056650496970075,-12.591898072387632
5.290228202345593,-0.04432185562193207,-12.544843696483605
5.402885480181912,-0.023767968726184367,-12.590718628326414
5.2754619728708905,-0.006764883753299981,-12.551266015773669
5.392457345123992,-0.016070483817488684,-12.595835446755887
5.297580351284909,-0.04433432842813441,-12.547833129106449
5.4082526708835195,-0.023777055759369354,-12.59285684546273
5.279376089850798,-0.006767868790273839,-12.552896161451923
5.395314804012372,-0.016073749701812273,-12.596998821010978
5.299665904633029,-0.044338156349924614,-12.54872325943883
5.409775224835567,-0.023779796989583508,-12.593490831840075
5.28048475720106,-0.0067665930982587115,-12.553383534180256
5.3961242164280625,-0.016073789800166466,-12.597344958259244
5.300256741916093,-0.04433923249306954,-12.548989997940648
5.410206567506254,-0.02378052684113288,-12.593679932179771
5.280797368027385,-0.006764112733673697,-12.553530024385765
5.3963524502208,-0.01607284613334235,-12.597448387632602
5.300423410192221,-0.04433939323398692,-12.549069932038408
5.410328226834766,-0.02378059642187946,-12.593736336206781
5.280884233659717,-0.006761361072406869,-12.553573867424916
5.396415860870037,-0.016071610810227593,-12.597479104170388
3.3236351940796083,-1.935622667184443,-12.294053837419517
2.022930339768552,-0.7382981329787535,-8.083553140319278
1.4746788372270105,-0.5358371189665821,-8.616311649511964
1.0762182611443498,-0.3904493079103978,-9.116112124055293
0.7855012180057207,-0.2847091124883142,-9.492728273641031
0.5733208073140018,-0.2076187112789765,-9.768862953635212
0.4184565559241018,-0.15139420624822564,-9.970532383785056
0.305273626641228,-0.11017147286834825,-10.117675689020365
0.21896838641840438,-0.08105346505440492,-10.221270946657219
0.15882515306094788,-0.07418146865268346,-10.301281794315674
0.12086703657709966,-0.03540736061904311,-10.362473643537504
-0.27102747540875527,-0.05849411850256567,-10.007855112356587
-315.392346338889,-0.1479677167293723,-31.039086039424983
-441.2423900459253,0.8050170068448574,-45.93963837282281
-335.9520803355182,1.3467625308241138,-32.85470318963912
-256.53741428208076,0.8304445015159249,-21.689512120456843
-189.7446926350603,0.6460064202664784,-17.55979919406122
-138.47883493151602,0.47239519790743995,-12.839358683677114
-101.06833515956663,0.34062122170167536,-9.373808242307033
-75.0312808629123,-2.706576662561458,-11.850824750057537
-55.1302123630672,-0.062384680169902396,-9.47461884542159
-43.36934755919182,-0.045252052821454045,-8.202287012264412
-31.478292239184935,-0.01129082873399629,-8.859229126667719
-26.000326174631066,-0.014265428088114665,-7.809225395889738
-18.803760804443577,-0.008138017911423018,-8.566057752457835
-16.804960909231472,-0.0014028924965931115,-7.569159883240163
-12.344996123033148,-1.507808115193304,-6.259694172882909
-8.716266933147905,4.963497556082908,-8.40248695615939
-6.367403576768192,0.35597574490536665,-10.070650078760725
-4.645117345332914,1.7046007655717976,-9.063338412812502
-3.3914909379147344,0.9067374748654581,-9.26748331182349
-2.4754476358368924,0.6620485141076048,-10.032849883415734
-1.8067129012134289,0.48316453547850985,-10.1631775434799
-1.3186215715143341,0.35258821331297796,-10.258323599462345
-0.9623906918673033,0.25729453581380024,-10.32776966605543
-0.7023981562088177,0.18775238752755766,-10.378455981271928
-0.5126444760891542,0.13700358594984807,-10.415450087696133
-0.37415410671451166,0.09996982176866959,-10.442450789647484
1.0793903439984667,0.04843168230006983,-10.78029067831487
2.3273893438884032,0.04344459646476072,-11.377163555440331
3.0320868625138546,0.04384459495265712,-11.546114786152666
3.7537797784290774,0.02092761006299637,-11.906898884104649
4.102144441756357,-0.016579841853720488,-11.97305854166979
4.534948689910756,-0.0035212922100373786,-12.200211121751487
4.643780942831134,0.00818013079327255,-12.22332975753978
4.930921593805378,-0.00520624366791299,-12.372627859111269
4.961147540769247,-0.03615444432660389,-12.35899146163209
5.162408372617426,-0.017834420533255502,-12.464706408535813
5.101322978593945,-0.0022266659059860996,-12.44399921510477
5.265174167268154,-0.012790329461134058,-12.523353741517946
5.205024303382735,-0.041859132861148174,-12.485634861365282
5.340588135829748,-0.022002839889955064,-12.550927056349876
5.231060080083564,-0.005270448672101795,-12.516888659214619
5.359980255962035,-0.015001592995132363,-12.572815621361896
5.274168365485567,-0.043526042437089366,-12.52774600604405
5.391119636899658,-0.02321698775127222,-12.579418382475849
5.267688081393195,-0.0061726428951668875,-12.54125819563897
5.386758533447948,-0.01565089619352761,-12.58924993423768
5.293674670699314,-0.044012044284804715,-12.541909942235803
5.405379764899702,-0.023567082906689966,-12.58894677257899
5.277878615381197,-0.006447729772814232,-12.549480888107505
5.394214987705603,-0.015843488964574687,-12.594762004680945
5.299085519096284,-0.04415068784231443,-12.546713206996825
5.40933673104889,-0.023663282927967537,-12.59216179902358
5.280575505852752,-0.006557853314955054,-12.552264141115389
5.396192427675902,-0.015917257721816926,-12.596616052128068
5.300504919641161,-0.04420073049154515,-12.548344558395943
5.41037501069472,-0.02369499365125452,-12.593248846772614
5.281161000930294,-0.006659222655894172,-12.55319627287737
5.396625110728206,-0.015986865889713285,-12.597231786483398
5.300800716341703,-0.044246787787080216,-12.548890855961226
5.41059127804858,-0.023724146568218318,-12.593611411044778
5.281165312857452,-0.006749804392265947,-12.553493906372
5.396632014058235,-0.016049077373953557,-12.59742525266816
5.300788396733609,-0.04428745877158323,-12.54906389629905
5.410582121988529,-0.023750512421825097,-12.593725722775018
5.281103103392159,-0.006788199467152201,-12.553586448712583
3.8534509038640867,-0.00638213339828128,-9.672570707563994
2.812274419124857,-0.004688477447607086,-16.964197973885437
2.033755451064271,-0.01653216626200255,-15.50661822477816
1.4608940448615857,-0.0283600204696218,-10.275843933829616
1.0470897649303623,-0.03370213542480393,-11.81302356582227
0.9399841747099195,0.011536959663532971,-13.786248466691738
-2.480490542696945,0.0066227865421079465,-10.235775681267507
-1.6295601818320438,0.007799458004532916,-9.407248053613381
-4.191778800819375,0.009259284318115148,-10.940275434767978
-2.8860293596832562,0.02715380236330498,-10.880529499213992
-5.153695192400289,0.014463288180061528,-9.422508702589441
-3.586835879949903,0.013154398589949894,-9.902026433239246
-5.705520627509402,0.014163830230836427,-8.848803774188799
-3.989210379071195,0.03347360460292331,-9.454189847841516
-5.942399406981448,0.019028504221149285,-8.569140403464507
-4.162533732018087,0.016603046509192143,-9.151304773612134
-6.121351742196511,0.016614711471234975,-8.358491953242169
-4.292896779957108,0.03532897795386676,-8.97046940098499
-6.162534784554831,0.020316291283296244,-8.242395954190044
-4.32338445749789,0.017597899701044882,-8.87994647130513
-6.238176825130387,0.017327399137886945,-8.172182053779576
-4.3783260507721415,0.03558278234998724,-8.834475636977293
-6.224700565382127,0.02054284706426604,-8.150092694209448
-4.368836000905233,0.017765794688363073,-8.812568234827346
-6.2711298988260715,0.01745848497540788,-8.127204312598513
-4.402433891106334,0.035587362929019206,-8.80165662697416
-6.2422295420689125,0.020561449800776836,-8.128653799833081
-4.381657995342481,0.017779935938233203,-8.796918047234923
-6.280409958844903,0.01747159567548465,-8.117300201310085
-4.409226843465021,0.03556507502216204,-8.794430989655549
-6.247161940653474,0.02054994572716022,-8.12428970812647
-4.385267667522006,0.017771071373347932,-8.793732507956992
-6.283017449922947,0.017465756837337528,-8.115524153563717
-4.411136442536867,0.035550248918986546,-8.793135806713378
-6.248545092693466,0.020540146546883534,-8.123673634949233
-4.38628022172543,0.017763061045967758,-8.79328333034427
-2.149056984913866,0.7535203466377784,-9.161792019339888
-1.5715293476579053,0.549194716976116,-9.524991569661115
-1.1471827210855658,0.4010217321344001,-9.792264816079802
-0.8372775611214982,0.29291261750791586,-9.987559525844821
-0.6110823166931634,0.21397123868597065,-10.130124823186522
-0.4459952789096871,0.15632001385771965,-10.234183963970702
-0.3255082524404232,0.11421391885080502,-10.310136237947475
-0.23757212685809392,0.08345906228316761,-10.36557366529083
-0.17339294398943828,0.06099347757245477,-10.406037632703024
-0.1265525163933344,0.04458151112864733,-10.435572664562489
-0.09236659061404474,0.03259076029681973,-10.457130759614953
-0.06741640953802153,0.023829241503981642,-10.472866517170319
-0.04920682745025072,0.017426521445418973,-10.48435253960801
-0.05217005548709666,0.0005614666405134305,-10.486038880874574
-0.018768515067272007,-0.4060768839971889,-8.262359918698
-0.25436286174282186,-0.857343738084499,-5.954345268719027
-0.271878535613767,-1.5319484013584557,-5.787886928642649
-0.19981816541544117,-1.1180867706442523,-7.0606989319170745
-0.14590103381307146,-0.8158273601135873,-7.993665510461999
-0.1064864253076108,-0.5952478431376749,-8.674883090633891
-0.07772176312497785,-0.4342925311357664,-9.172088099977492
-0.05672957325562715,-0.31684829940234827,-9.534975146489323
-0.0414091725554751,-0.23115502625355738,-9.799829722361594
-0.030228019521077364,-0.1686306105719012,-9.993135247831141
-236.2389727160196,0.5798103579247221,-21.957960564154085
-491.03247003253165,3.1968931696514287,-41.228780394595546
-564.352789915292,3.670426001865593,-52.8365912705675
-420.6782352991782,2.455937904002245,-37.822570960738865
-309.270308629264,1.8264278725110161,-27.687868272661966
-413.7387167080001,2.476278503742739,-17.158919138435664
-301.7476777340987,1.0136149130516448,-13.638312298479256
-221.1777120121459,-0.7333883874866172,-9.91904310220212
-160.05655673740915,-1.1365069214568815,-11.373245549037767
-117.28056125309108,-0.6710906162526574,-10.641340508184706
-86.28915339105635,-0.11351746602791901,-10.004268499086269
-61.86182222141828,-0.6443426768292577,-11.19828075954925
-45.153216626176786,-0.4707360799723681,-11.010973157177776
-32.954877418978796,-0.3437018709583428,-10.877001890964713
-24.051911512077957,-0.2509406340890166,-10.77930453291391
-17.554135470432254,-0.18321975693227982,-10.707999739126075
-12.811775183601977,-0.1337799398499449,-10.655959026225279
-9.350593746369576,-0.09768535495910084,-10.617979004565935
-7.311982321574239,-1.4220877978502997,-8.735405812284302
-4.5990287216074055,-12.589030954867463,-11.17092541635718
-1.8070417145581388,-0.38018176098771583,-12.000458958254232
-1.323036401335267,-6.061205417720383,-10.250115997131745
-0.9656192112245966,-1.5410056559344252,-10.254377791063277
-0.7052346305350033,-1.308381297045524,-10.34853388730258
-0.5148181380396065,-0.9548514516407802,-10.393575044131628
-0.3757479561480066,-0.69690471556194,-10.426482172653632
-3.377277579162519,-0.5134939423740419,-9.405778813832075
-2.292715374205068,-0.37739272862032314,-9.728403270576775
-4.751050767867284,-0.27078765134569305,-8.861208725611242
-3.2939736493696206,-0.17645997532973473,-9.337503901216252
-5.43212074116009,-0.13394680207929469,-8.558962264048452
-3.7923188485296695,-0.09574826995113311,-9.110635555578753
-5.849365884337674,-0.06524132950221699,-8.369860309160611
-4.094776367417635,-0.025220539134597736,-8.978787572992971
-6.017279039108789,-0.02370023063863725,-8.273031667734108
-4.21887801502232,-0.015243635939362916,-8.902022491065406
-6.161364159388902,-0.006520093881267591,-8.20305648232646
-4.322296897425922,0.017941255610007218,-8.857020205629055
-6.18357735317829,0.0077387660622307095,-8.175438365830646
-4.339929711848259,0.007726284211430787,-8.83083736278642
-6.2498924155193745,0.010229391083987887,-8.145854241957652
-4.3868506142452715,0.030260844127906087,-8.815263398188595
-6.230793917618345,0.01670564041324871,-8.141808108109913
-4.374152731155906,0.01429413514636378,-8.806322903914221
-6.274878135820518,0.015016364355366145,-8.126076640434725
-4.405074408156719,0.03377636357052512,-8.800826903130854
-6.24414456171729,0.019260934137129652,-8.130131156098832
-4.383701917188663,0.01618070941628142,-8.797824836884784
-6.28180021124636,0.016389899875631716,-8.119203258588808
-4.410130289575665,0.03477561327470799,-8.795810519345679
-6.247862910443464,0.01998407437145416,-8.126057935172183
-4.386244688984437,0.01678324921312292,-8.794874466011935
-6.283605038483388,0.01682278019616455,-8.116815046928888
-4.411456414393463,0.035081817072950924,-8.794067383742282
-6.248845575099588,0.020200018975446325,-8.124637694602232
-4.386810009359956,0.017029770407611222,-8.793858562568632
-6.283966401613458,0.016995402980059412,-8.115995966343606
-4.411730019622867,0.035195819641873835,-8.793469829435088
-6.249056235594971,0.020276852055215254,-8.124148676582385
-4.386830107164353,0.017164530866735115,-8.79351983102415
-6.283943614581021,0.017087950491090475,-8.11572530580897
-4.411717931740121,0.03525774892401172,-8.793272567697208
-6.2490475943859884,0.02031753148660003,-8.12398691865243
-4.386820585743062,0.01719207713551023,-8.793404998900478
-6.283942422764219,0.017106060335692664,-8.115629768349216
-4.4117141414503,0.035275015709936394,-8.79320291602576
-6.2490395112701025,0.020327325697725683,-8.123930522059254
-4.386812217982809,0.01719829813208512,-8.793366610695141
-5.9437730614863415,0.01486326071515717,-14.907462654814502
-2.6911647534934375,0.023167169056654828,-10.698904310707018
-0.291135984049113,-0.025292265392452655,-7.337192342197757
1.1417167945856097,-0.06613098764359408,-10.093332343315412
2.3232450384452052,-0.04102420003843288,-12.525008688663004
3.083264064792561,-0.019772856790854287,-10.178603195629483
3.822985477953343,-0.026233793296588072,-9.849441390404554
4.121434270598956,-0.051348896209302296,-11.826469285758275
4.558760859902627,-0.028756879843641718,-11.75654615389575
4.675167952017167,-0.010208371756369967,-11.756919400817997
4.954697724192496,-0.018599089726240366,-12.00372243337591
4.9780231890336735,-0.046411265458724094,-12.135630506903679
5.175250537537654,-0.025324077898880384,-12.28458339476464
5.109382336217112,-0.0074673808674273826,-12.339932865832791
5.271379515411163,-0.016576720443713194,-12.43710077655315
5.2091753514854195,-0.044792061512065606,-12.43923965754267
5.3438120891013625,-0.02413354435810682,-12.510899771706438
5.232440741024372,-0.006615859815485049,-12.497487734267084
5.361106750208273,-0.01595665323110429,-12.554933840540956
5.274672938182035,-0.044290294906930594,-12.520656125210408
5.391562956608795,-0.023763867672010934,-12.572031543719097
5.26730283828777,-0.006350594571860265,-12.539347838500005
5.3865194469879105,-0.015764126786618364,-12.586513233228231
5.293224188996309,-0.04413252085283698,-12.542045824732556
5.405083585695399,-0.02364743358631559,-12.58826139325975
5.277173670278326,-0.0062654495897417305,-12.550195714390712
5.393712316553304,-0.015702875319523982,-12.594802278811038
5.29847534336916,-0.044082035862232215,-12.547495127575012
5.408909251555721,-0.02361010083574652,-12.592462381897771
5.279965746471301,-0.006236440763667063,-12.552900683136778
2.95561222120221,-0.8047181777804715,-11.476440101973449
2.1521236567716886,-0.5888433706427236,-11.213302117611645
1.570444105915147,-0.42957600343963315,-11.02440513992187
1.1461621421821615,-0.313288218433421,-10.886821972838952
0.8365193575004807,-0.22845540515457463,-10.786444401281162
0.6105284353039736,-0.16657806966964242,-10.713193974763275
0.4455895251758538,-0.12144781640214401,-10.659738160656605
0.3252092020025131,-0.08853443008331306,-10.62072801308155
0.23734983698609613,-0.06453267764745714,-10.592260091848575
0.17322580913847316,-0.04703117759801039,-10.571485682734293
0.12642496344905246,-0.03427074299569408,-10.556325801005636
0.09226740979319625,-0.024968042985476932,-10.545263216567436
0.06733754447814387,-0.018186931001489024,-10.537190672060353
0.06600364202397516,-0.0005199079869226443,-10.538486027074626
0.06592388556333975,0.01275163947112016,-10.539678020308614
0.06671188176680291,0.022740888557531147,-10.540892083663891
0.06796822466276307,0.030250594927824555,-10.542068733867662
0.0694335816792185,0.0358986267726697,-10.543163309171874
1.5840949489842664,0.0419597414094931,-11.285722102547435
2.517952861057302,-0.00034879995104292183,-11.347554284285119
3.3767625107693617,0.008206574998154621,-11.808556883924387
2.507360873084629,0.015343295202806365,-8.126254099114151
2.0102202540639524,0.04179554648049792,-8.740685498591082
-1.5574386132049938,0.02362968195044509,-7.716123333016915
-0.9632796021865003,0.019045118102974906,-8.497472656846735
-3.783632062989013,0.01837115287596829,-7.5193060545184345
-2.5872215251802304,0.03545168301830468,-8.360614159849789
-4.915796882306987,0.02060388140510537,-7.444784546572409
-3.4140749181234824,0.018189148522827367,-8.300259160629896
-5.572586035726058,0.01783790089000801,-7.375348415937422
-3.8928696275064336,0.03510533787702887,-8.255545883250585
-5.868625970562723,0.020406939913591663,-7.368146650715551
-11.835007522503533,0.4559955287463175,-8.795686184430194
-23.42518906864602,-2.850128865848424,-6.615979851942512
-34.70706317000024,-1.283449751281101,-5.058025664687371
-34.21868753930528,-1.2615615821077186,-2.083907290780423
-27.14334328866282,-0.9061109000018255,-1.7807709655059976
-19.819942385514466,-0.6616487509953002,-1.3277534170328136
-12.502526164965914,-1.3023534415869,-5.6163393217897415
-9.808210774121136,-1.6519439305509245,-5.056165522597872
