0,1,2
-7.711148253883588,-9.108692518102032,-11.004043845360558
-5.068798893289793,-1.1302129952799502,-11.502165076962083
-4.399285664280715,-3.784258293463198,-9.796591790141866
-7.077163387782072,-1.658386693018179,-9.529286484131237
-2.527210443659065,-1.2963087800161839,-10.81263204819863
-0.8087051267815006,-0.9651974330819804,-10.860999935836249
-4.56671352615318,-0.6166848266554495,-9.586368960166691
-0.41795942999453484,-0.5190403947268464,-10.576533169720463
0.750538408302774,-0.39767857604380147,-11.02324916236016
-3.4192836447983814,-0.20239856705248754,-9.66734476052832
0.4218084099527739,-0.21665248584202035,-10.665531323553985
1.363022567850265,-0.17697325915368134,-11.085992886303167
-2.97251580714175,-0.04141699180697761,-9.6853149108306
0.7487938165568799,-0.09914062965945486,-10.69351400848238
1.5993541183377624,-0.09124395656279223,-11.126162193881333
-2.8002331361309105,0.021113590528197876,-9.691095353950384
0.873129425647952,-0.053474712745908745,-10.68886918069487
1.6876426264551483,-0.05793554121778643,-11.149123648767244
-2.7358343472908837,0.04543612712574612,-9.704027359972716
0.9175940432110412,-0.03569850227695936,-10.67391066488993
1.7191734199560353,-0.04495742298819544,-11.152822694695155
-2.712670926303121,0.0549567048435424,-9.72333002008158
0.9326463489275127,-0.028750170464935262,-10.665939153715886
1.7312474002552436,-0.03987889327671058,-11.141158069457452
-2.703640297385572,0.05870267220324813,-9.73875341181886
0.9392309667510856,-0.026033485208170677,-10.672086535683658
1.7382193510975754,-0.03788186093251607,-11.12519410969526
-2.6984337839461072,0.060170767545654216,-9.741583240247056
0.9447111361944098,-0.024986833546646076,-10.687832619724684
1.743906984856992,-0.03709403956734999,-11.116763867960563
-2.694331779221385,0.060735258006748595,-9.731612728011275
0.9497997897767521,-0.02460029956395888,-10.702059018504272
1.7477464978010395,-0.03680630550392451,-11.121098328235856
-2.6916873052574566,0.0609212173812817,-9.716950153639736
0.9527839228967641,-0.024475813260116844,-10.705487267144676
1.748545017588471,-0.03673552801463423,-11.134182798696205
-2.691265216283421,0.06094937583079944,-9.707966707685085
0.952487892735256,-0.024444590732230098,-10.696880110715625
1.746508267876541,-0.03673181188702716,-11.146433018641195
-2.692813083669729,0.06095487063033318,-9.710197202085526
0.9496721169757083,-0.024423212747287273,-10.683182192870357
1.7434612709988324,-0.03671890928099779,-11.149708733019121
-2.6949600733903303,0.060994827201386534,-9.721100739476762
0.9465787673026611,-0.024390391883590545,-10.674097051716922
1.7416309470595135,-0.03668960405251871,-11.142660153639026
-2.6961460805709834,0.061049196477310566,-9.73253057667723
0.9453497838338376,-0.02436150955000116,-10.675301330239547
1.7421531723552268,-0.03665876717399608,-11.130999833584047
-2.695657568406313,0.06108710964652549,-9.736748631557106
0.9466434391670457,-0.02435260298576298,-10.685014718314065
2.181570188435976,-0.023808833678028128,-9.95593364869707
-2.303080544427596,0.07950179242159863,-15.606047251727695
-6.10283750897989,0.19828924679208143,-12.988090168580678
-1.4441430926848344,0.11737681416173353,-9.026870927412466
-0.11856082625644304,0.0639727593818809,-11.631741862110914
-4.1581869838277274,0.13990781041426092,-12.74261610157006
-0.24563268137216143,0.03323993119719737,-10.164049743658206
0.9434938747720403,0.005287334627217387,-9.767288624747687
-3.2150801400940563,0.09271128477844501,-10.226162714078663
0.628573507530636,-0.006013180358667838,-10.716849259011282
1.5473067056954726,-0.022820058585723522,-10.912206153889377
-2.8363811645109482,0.07149104683646842,-9.617802648676967
0.8606344917325841,-0.017260326149881475,-10.832657384730073
1.6799536183871353,-0.03075684393592243,-11.015654626959154
-2.7330318289281417,0.06526228578287455,-9.645064883118605
0.9110797265801098,-0.021317593124765777,-10.594001716764256
1.7145315148713298,-0.034443278034387896,-11.073546999551494
-2.707012586308518,0.0627862918404585,-9.710732376272176
0.9319458044680342,-0.023169215825447564,-10.657139785410793
1.7322347020526834,-0.035761380882639526,-11.091337704156883
-2.694132920802991,0.06181251879416268,-9.72229472620833
0.9442133405238025,-0.0239129393266429,-10.694281839466756
1.7417054508974803,-0.036287772432394574,-11.106879277162589
-2.687413640657524,0.061397652493063656,-9.711480364973124
0.9508346418294069,-0.024235062403759458,-10.707970146434167
1.744922329832793,-0.03654890263919554,-11.128217079389676
-2.68528783463473,0.06117067660520924,-9.701003734158768
0.9518876728321688,-0.024388069741191717,-10.70094056440389
1.7432171043710127,-0.036690335016313205,-11.147560227034154
-2.6866436505457605,0.06106105718594709,-9.703062302908704
0.9487509505226162,-0.024441013755541835,-10.68365805324654
1.7393469496321572,-0.03673270902243677,-11.15485741549665
-2.6893904505264716,0.06106692560264527,-9.717116524503194
0.9445614598423329,-0.024427143758216342,-10.67019066126107
1.7365867658653522,-0.03671562740445388,-11.147414525524118
-2.6912061929321514,0.06112458660609316,-9.733368356839675
0.9424712217421174,-0.024396516187766233,-10.669806068783442
1.7368494989954049,-0.0366838564677058,-11.132038640660793
-2.69085337653967,0.06116925255429593,-9.740978896555557
0.9437640323798537,-0.024385575871192604,-10.68174719676916
1.7397254489629592,-0.036654991264970224,-11.119978265666633
-2.688736059886753,0.061187597694984025,-9.735765300740146
0.9472954254398815,-0.024397436611983944,-10.696913185758763
1.7430737127635363,-0.03664860312390569,-11.119098215590727
-2.6864093037729893,0.061174120973417984,-9.722492061441965
0.9505066820346659,-0.024425240461440734,-10.704840018144953
1.7446161838487786,-0.03667992502304001,-11.128961298463217
-2.6854461030807855,0.06112654021442677,-9.710857352697742
0.9512687006882463,-0.02445806453292986,-10.700889338760108
1.7434790286329331,-0.03672519762748109,-11.141930141126014
1.40059400941681,-0.36158934617051397,-7.245157718809109
3.7478008259677082,-0.34794226565582154,-11.135293674248878
3.851977247440757,-0.27837107484607887,-10.534546550721636
-1.039750645806532,-0.11959950523265456,-7.794560645511609
1.955302578069094,-0.1518750285947489,-11.639381523935109
2.5639967612488315,-0.13018477568817136,-10.96040507938536
-1.979059870033974,-0.01140729805081811,-8.107332339725195
1.2688995451007892,-0.07239522875486883,-11.865685447673172
2.063150081537198,-0.07227144239871845,-11.12584310731991
-2.344420527569367,0.030419397022170072,-8.22879535955148
1.0019217980518667,-0.041326390595795306,-11.953338390804678
1.868429068373822,-0.04969573907745197,-11.19009499485338
-2.4863455719589584,0.04645265530148029,-8.276408027664187
0.898016287098589,-0.02908019710968509,-11.987089262936014
1.792725678312141,-0.04085888016362658,-11.215007548321582
-242.88151785075246,1.5776159254011632,-29.528747009871623
-186.07189389759355,1.2056540334512014,-21.724992925901272
-409.89163675813336,-1.7205713293975284,-54.65163974957474
-427.98264539111824,-1.0621437983137954,-50.92102342173928
-456.78102531824953,0.23122857689972443,-35.98288515875729
-535.3566870051783,0.511736218339969,-27.525641784877045
-390.6764620672157,0.37364050359182827,-20.203467476706905
-283.9708668494881,0.2848207772965038,-17.253629417006216
-211.0594589323193,0.19721008527904316,-12.719883905965538
-151.32073426725742,0.09901223166127603,-15.242749376682053
-109.30271406884685,0.05264692348416324,-13.592135933256476
-83.6238255605776,0.12101174496096051,-10.028813184554958
-58.319095898771835,0.024600950606491603,-13.267831091167213
-41.42683964849451,-0.0014733854888097399,-12.14905346546263
-34.085491138349056,0.0825610007517876,-8.974746964006858
-22.16350218905245,-0.0041666575626162355,-12.499595441544235
-15.03903833327475,-0.022369384797736043,-11.588075978063822
-14.826711662846312,0.06776744357899639,-8.564593567503465
-8.107276229016437,-0.01551346117460252,-12.201255455185347
-8.838741712490833,1.3394592931592932,-11.814580854286408
-7.0993526499882735,5.503836275796413,-12.675792633659686
-5.1950999316409865,0.31197284605398323,-11.415403032590033
-3.793575359864976,2.6923483086154807,-10.870882655946032
-2.7675491163079355,1.4087649921531946,-11.058384972574821
-2.0207304922247507,1.1655327763920782,-10.911279772308136
-1.4748191509762862,0.8505449678380663,-10.804313196919733
-1.076393728313195,0.6206781895590354,-10.72624902056476
-0.8040537332746799,0.4652845779157506,-10.660828328075777
-0.6078041377242651,0.35298607680391536,-10.612016198593295
-0.46640735137009437,0.27169476043814755,-10.575660881201438
-0.36466553421808445,0.2128561049773535,-10.548555232585695
-0.29158217492412186,0.1702969600082016,-10.528312948649997
-0.23020439752526708,0.10973016950697131,-10.516561178197788
-0.19611863389595113,0.09845459994965977,-10.50389411334165
-0.1618371646199339,0.05798901922982268,-10.498383866662016
-3.4730919474322377,0.06723428175721925,-9.403330618161625
-2.5360224354033765,0.054761242019179826,-9.702910136767997
-1.8517791567843895,0.04581366871941276,-9.921453721646637
-1.3524826525577631,0.03947220568008397,-10.080891007649901
-0.988186380014312,0.03500943433954826,-10.197211921112938
-0.7207587701502766,0.020410645918853377,-10.284009845224604
-0.5271236017977313,0.021228560781410718,-10.34545452327813
-0.3858361038118523,0.021888065417252443,-10.390284468724436
-0.2827521675090914,0.022419623495089764,-10.422991041105941
-0.2075441333781637,0.02284734564527423,-10.446852140766293
-0.15267571555402212,0.02319126454198718,-10.464259337332162
-0.11264789820876384,0.02346795458307807,-10.47695760056409
1.3837271931736448,-0.03457475711549372,-10.938611791937058
1.0078366647942225,-0.026450602841236688,-10.823746844611724
0.7353865972580467,-0.019366822162758212,-10.740405254769412
0.5367020718631402,-0.014108961284748048,-10.679614851653561
0.39170905044041127,-0.010273917281234819,-10.635250930719831
0.2858877678037645,-0.007481724916911106,-10.602872842157735
1.8717641281486141,-0.025099606499173845,-11.193020438015743
1.365266472602778,-0.018713037677512905,-11.009742271266072
0.9963561412840645,-0.013646485792981264,-10.876172554559705
0.7271804811120994,-0.009927359675700928,-10.778705203866707
0.5307305303924822,-0.007221197853158822,-10.707571325470793
0.3873525042662902,-0.0052533681080018674,-10.655655227211794
0.4763954292671911,0.03015099540600008,-10.647758679642074
0.346627761363741,0.021480074607160456,-10.611721070401018
0.25288834820986816,0.015678566752422757,-10.585673809803739
0.18456350732984494,0.011475766515575083,-10.56668579314556
0.1347051448776936,0.008400598028760498,-10.552830008071055
0.09831625220903363,0.006148712460854885,-10.54271802883378
1.5362714451031472,-0.0848649925737029,-11.016203008119424
1.1198212051388454,-0.06264063173422364,-10.880526947387683
0.8171713269683855,-0.04572952011848709,-10.781853235396243
0.5963994508440973,-0.03334285549996715,-10.70986534803947
-0.2940356984492649,-0.7670745805291841,-10.426187459512988
2.173462806596273,-0.5977496870098791,-12.574124757573749
2.7361154062343656,-0.44915915340510165,-11.639468139457664
-1.8593847373248225,-0.24282091787513524,-8.599525153315444
1.3562789820905135,-0.24155736156832971,-12.224365681150637
2.1266183390356987,-0.1957010312418435,-11.387311933561676
-2.298244783655245,-0.059470060526936486,-8.419199787868376
1.0360208854094908,-0.1071478949814102,-12.092902476645087
1.8930558791656797,-0.09770822907454904,-11.291780982570502
-2.4685083144113436,0.011599307977052317,-8.35019922860085
0.9114313308495192,-0.05473316299381936,-12.041543595454801
1.8022563744056006,-0.059554236632284006,-11.25457637374319
-2.5345862173132643,0.039001476667268616,-8.323764959440282
-7.758827315006467,0.4142635185242389,-11.36408034530563
-169.06146532791013,1.0645156007404488,-26.01242869942702
-329.9026373153948,1.1027913220570424,-38.595657140090836
-253.25382804968936,0.550277744349844,-22.46882854947385
-245.40572420395006,0.7303746956656078,-11.340240694243416
-379.3572164460452,1.3004671625744555,-9.000941110128156
-276.584466463074,0.13335912835520936,-7.221132849143912
-202.12530620328613,0.46176644074754897,-5.255419602318959
-147.51836376165846,0.34216098927015015,-3.875190482725796
-107.86978231591583,-4.806470401158797,-5.799980067016965
-78.54160650996579,1.6450225417468598,-9.779284918349678
-57.31774688988711,1.2049613938350876,-7.151056118389963
-42.057921093885355,-4.197360960911009,-8.170659006857468
-30.50955444361945,2.10485341415101,-11.509192826655024
-22.261839779669423,1.5405646847012782,-8.413640788296231
-16.472411330984855,-3.952323991121784,-9.092098469327496
-11.836085113359793,2.2836291226682106,-12.181704538081915
-8.633117405981356,1.671042793220865,-8.904477368152445
-6.525618378847813,-3.8571624606101054,-9.450345976722172
-4.576538450272423,2.353350452861828,-12.443111922707118
-3.334775780510747,1.7219282468859314,-9.095271340131067
-2.658691509374787,-3.8200836012729003,-9.589610808014594
-1.754341531576523,2.3806691651254717,-12.54469785599619
-1.2750062985913162,1.7418664146000518,-9.169420638146171
-1.1554170110957072,-3.805591567060887,-9.643742673490976
-0.6572404471040149,2.3915011004735423,-12.584150895506383
-0.4742872943166443,1.7497718114338858,-9.198222625811908
-0.571052992939708,-3.7998814453268115,-9.664777524838202
-0.2307993355945484,2.395921284485454,-12.599449047565127
-0.16304528299430981,1.7529976286394802,-9.209395307240115
-0.34393105596819684,-3.7975865861901563,-9.672945179787806
-0.06508797521089393,2.3978468083157245,-12.605356996365225
-0.04209525992715839,1.75440273458622,-9.213714615719944
-1.8146790292431385,-6.059707644280944,-10.025279896581235
-1.227674559579027,23.94366372281626,-10.535838665601295
-0.8957670117406007,5.741723194318389,-11.780156627348566
-0.6537459617694088,11.662098971812979,-10.578367502187215
-0.477130129227612,3.9976701444648013,-10.285402363230457
-0.34825795931626996,4.8395455537150935,-10.695597907773237
-0.25418489433177516,3.5039574392380404,-10.64695376608661
-0.1855200636685856,2.557285585924924,-10.61142045762778
-0.1354035978550143,1.8663800750499975,-10.585482903195095
-0.09882600450294982,1.3621362374644175,-10.566552016689451
-0.07212993474344415,0.9941237808652363,-10.552735298849468
-0.05264587343069009,0.7255373883766991,-10.542651175544576
-0.03842545824600002,0.5295153161308483,-10.535291271983544
-0.02804668453236604,0.38645295482268727,-10.529919626922885
-0.020471710730319784,0.2820422063104936,-10.52599910273505
-0.014943074696641058,0.20584055208468727,-10.523137672523566
-0.01090794749894212,0.15022670723312076,-10.521049217636577
-0.007962850419550178,0.10963841938023414,-10.519524916063732
-0.005813307100084918,0.08001618670330794,-10.518412360137223
-0.004244395815393319,0.0583972641980863,-10.517600315954512
-0.0030992573009250247,0.042619355000985085,-10.517007600070498
-0.0022634087067208326,0.031104354595340014,-10.516574961169495
-0.0016532955134411502,0.02270051976711105,-10.516259154932149
-0.0012079359027230934,0.016567278583866994,-10.516028619699341
-0.0008828225920358248,0.01209116081283157,-10.515860320384181
-0.0006454723045766393,0.008824441404625566,-10.515737444841792
-0.00047217714246422895,0.006440360693428977,-10.515647722839471
-0.00034563407497574067,0.0047004425865117185,-10.515582198954197
-0.00025321452002588637,0.0034306425755168436,-10.51553433710067
-0.00018570156824557042,0.002503939862635607,-10.515499366909168
-0.00013636824120799075,0.001827632586401711,-10.515473806718424
-0.00010030488256533281,0.0013340655215303672,-10.515455115423537
-7.392813356647723e-05,0.0009738631120507365,-10.515441438394634
-5.462268165384431e-05,0.0007109904571095554,-10.51543142199304
-4.0479721789504904e-05,0.0005191489674622581,-10.515424078256734
-3.0106069098828726e-05,0.0003791458150556627,-10.51541868609058
-2.248486884220153e-05,0.0002769739516013688,-10.515414719191169
-1.687391188149058e-05,0.00020241099463572977,-10.515411793403038
-1.2731534114759628e-05,0.00014799670707472474,-10.515409628321736
-9.66230876976715e-06,0.00010828650049698729,-10.51540801929254
-7.377606993846136e-06,7.930712715283048e-05,-10.515406816898908
-5.666745145725884e-06,5.8158811391040586e-05,-10.515405912077831
-4.3759265340419745e-06,4.272543765039442e-05,-10.515405225225498
-3.3928599101525233e-06,3.146261294686249e-05,-10.515404698192944
-2.635582225780021e-06,2.3243331516136192e-05,-10.515404288535564
-2.0441965649299004e-06,1.7245088895056252e-05,-10.515403965241262
-1.5749686150012095e-06,1.286763649883378e-05,-10.515403705682923
-1.1959762549366716e-06,9.673023959905957e-06,-10.51540349330282
-8.838583144779156e-07,7.3415644980551e-06,-10.515403315999867
-6.215880182494477e-07,5.6399567261628295e-06,-10.515403164930344
-3.966597245144262e-07,4.398001756197828e-06,-10.515403033614755
-1.999003744076215e-07,3.4914637835099536e-06,-10.51540291731922
-0.0007344007460561731,-8.738111033602763e-06,-11.129403969918686
-0.00029451955082353016,-2.879628102509947e-06,-17.084156760682724
0.0001848907001301301,4.08520547282152e-06,-13.706248902142452
-8.931059703230174e-05,-6.993610008550937e-07,-9.522923533091085
-0.0002010329214457552,-1.609804077635481e-06,-12.511704996597361
7.216807623404146e-05,2.6445241379706198e-06,-13.499777312088142
4.734273515457225e-05,1.4960183435114968e-06,-10.049631174979893
-0.00010897744988849848,-7.841934393548675e-07,-9.941962660954529
0.0005618737162480039,1.2920068721617262e-05,-10.93484024877828
0.00045938788184638916,1.0340732138393146e-05,-10.548267317259723
0.00037865178076696793,8.747169163178829e-06,-10.5395009930995
0.0002779944143387044,6.758613069635499e-06,-10.533003917041514
0.00020304491975465532,5.232503850843631e-06,-10.528250158962289
0.00014857434074933901,4.108729203121983e-06,-10.524779260555698
0.00010890249341980623,3.28543663318179e-06,-10.522245873458097
7.997972648729884e-05,2.6824787078445157e-06,-10.520396865251458
5.889227830872874e-05,2.2408505989944698e-06,-10.519047363414286
4.352144085883323e-05,1.917281447536615e-06,-10.518062425427683
3.232209277704231e-05,1.6801159537976742e-06,-10.517343562660265
2.416671015261735e-05,1.5061770724768018e-06,-10.516818893607399
1.8232418777502805e-05,1.3785676771021816e-06,-10.51643595593906
1.3918695431391409e-05,1.2848759072902525e-06,-10.516156460379692
1.078721986297851e-05,1.2160417601249483e-06,-10.515952461703288
8.518139855452333e-06,1.1653940735202058e-06,-10.515803564244015
6.877994607539097e-06,1.1281238147423027e-06,-10.515694882379243
5.696465656730331e-06,1.1006340816635035e-06,-10.515615551877818
4.8491286604895334e-06,1.080320164121636e-06,-10.515557643562596
4.2453489071522435e-06,1.0652774107457689e-06,-10.515515370380664
3.818890036227718e-06,1.0541092488366605e-06,-10.515484508634279
3.5214395871252325e-06,1.0457488335677302e-06,-10.515461975723827
3.317780564438178e-06,1.0395016645776621e-06,-10.51544552181284
3.1821931734488787e-06,1.034789061936673e-06,-10.515433504859244
3.095890981229218e-06,1.0312182109196001e-06,-10.515424726409114
3.0452086826608924e-06,1.0284470268734253e-06,-10.515418311788931
3.020187284552716e-06,1.026314849748114e-06,-10.515413622622422
3.0135573279981645e-06,1.0246821955614073e-06,-10.515410192970194
3.020018965225474e-06,1.0233293346441683e-06,-10.515407682766059
3.035706280865732e-06,1.0222574549217488e-06,-10.51540584383352
0.007905552434343615,0.001595741935284529,-10.520993370485995
0.008185838264588628,0.0025796123985618556,-10.522684306985198
0.014449653140522021,0.003259422479005452,-10.526799397833143
-0.00012303986316620184,-0.0003209937584531422,-10.51466856703272
-0.010970082414617758,-0.002819951554164576,-10.505560615643267
-0.01917637863325942,-0.0045363175256504795,-10.498568524448743
-0.02545219894128985,-0.0056854464364016425,-10.493123363066216
-0.030313114482833567,-0.006422947609681444,-10.488813868181364
-0.12250292591628818,-0.7668149025505036,-10.705172186764104
-0.0910383755322644,-0.5597188848007508,-10.652283694743877
-0.06658674494890768,-0.40835738676708266,-10.615112311385321
-0.04861423628697878,-0.29790151578430246,-10.588137650010076
-0.546006284949504,0.7160890538099961,-12.360392579470036
-0.3986201649831605,0.5066351972532761,-11.770512516719357
-0.2910363438789559,0.3681505392242907,-11.421388888463426
-0.21242988484312558,0.268576392974497,-11.175529958448813
-0.15504444572233045,0.1960488463220889,-10.997072445212703
-0.11315975423503835,0.1431210561515732,-10.866933901021868
-0.08259009552437013,0.10448535652273505,-10.771964863757024
-0.06027890960740906,0.07628095474426344,-10.702653564246042
-0.04399515631425047,0.05569107650721682,-10.652067250781226
-0.03211049439544835,0.04065973645857116,-10.615147124627919
-0.023436484960785778,0.029686145555696708,-10.588201166259362
-0.017105752624274946,0.02167476492351433,-10.568534790880523
-0.012485248582513679,0.015825868064844786,-10.554181374094831
-0.009112945952849238,0.011555659871593918,-10.543705587619764
-0.006651637192521315,0.008437968312037082,-10.536059866116371
-0.0048552133306092645,0.006161682489850442,-10.530479650633582
-0.0035440532615609475,0.004499684049547668,-10.526406932564974
-0.0025870614323785287,0.0032861689488267584,-10.52343445288087
-0.0018885585822626192,0.0024000924897258835,-10.52126497612586
-0.001378713739822307,0.001753084987374958,-10.519681566797834
-0.0010065610924515319,0.0012806301391469336,-10.518525895956646
-0.0007349036080314549,0.0009356255274473636,-10.517682408133345
-0.0005365931379839621,0.0006836815880033758,-10.517066765878312
-0.0003918157503334012,0.0004996898811036672,-10.516617416097045
-0.00028611033594501113,0.00036531790469131767,-10.516289434554018
-0.0002089225058006097,0.0002671801524033275,-10.516050033588945
-14.50782523887366,-0.6118820561107398,-10.531463040704043
-23.412942217451068,-0.03586035943200894,-6.530049494575741
-21.089597883709935,-0.023599300184035225,-3.527715487257202
-19.5824761390637,-0.008571238410313894,-1.1783503218524993
-17.759803777372397,-0.02896061433240369,3.3477055140533274
-16.325779485597998,-0.011012361892087708,3.8245478963281347
-146.86442571664952,-13.610463327813289,9.708503194829685
-176.56934310305763,-11.58789398661054,8.75451734088597
-211.35852794789542,-10.211720335205088,8.115797142293482
-156.7657072173841,-8.686786065662618,5.498038583456327
-118.01888910442048,-6.927124582396593,2.67818124016682
-89.70505634162022,-5.266757961338151,0.841362493386274
-69.10233313974612,-3.8941584987455204,-0.7422178977215808
-54.10633148353656,-2.751921361797713,-2.1014512701910704
-43.185674379075024,-2.0039244486596073,-3.1959968134153183
-35.22810058053649,-1.2355428728717919,-4.065814314187229
-29.429784214205483,-0.8969292236567545,-4.7453925082685355
-25.203455087223162,-0.4578516025886539,-5.267280855979481
-22.122322725128633,-0.32859074625603596,-5.666139834697729
-19.87613085808998,-0.07871396126804547,-5.967213599387645
-18.23772077417778,-0.05111287429981834,-6.195366304719797
-17.043605316731238,0.0849130951038273,-6.365376750710355
-16.17201826547225,0.06905182283707802,-6.494365834109245
-15.536953327797454,0.13061505507432092,-6.590142709758054
-15.073794158055298,0.10305408506033513,-6.663230282336556
-166.11227060392756,0.44842404141139713,-9.56967720012588
-285.086438261262,0.6211096048174185,-12.63492730183361
-370.4931474372312,0.9404595182778102,-14.406394122779536
-435.73632785996944,1.020975583490244,-15.616559481202989
-480.08660221302864,1.247519749793434,-16.31146482850919
-515.4977707187644,1.251193234812421,-16.862602832125194
-414.06436034920125,1.0361631908167424,-14.90043870356439
-324.19770858818464,1.4493855558298063,-15.364154893126788
-261.0777627021184,1.892730541297331,-14.961615791630013
-214.19460028536946,1.2753194394716592,-14.279552325305708
-156.83925375445475,0.9409657739523385,-12.73349048316037
-114.86760467542396,0.6769811293765847,-11.681972439012524
-84.15106896808746,0.5043960065733905,-11.013865911165945
-72.88630286961829,0.3177971844110475,-10.893664968105305
-53.44329516476306,0.24458365870916432,-10.4858275461596
-39.26504868180738,0.16676196354322198,-10.177137461864676
-28.90675378222575,0.13398165053491165,-9.963657447595759
-21.35526710477545,0.08640513905377872,-9.80292383015035
-15.83319834263429,0.07513364636740916,-9.69643622215497
-11.810550749423161,0.04325098168445016,-9.60677009627373
-8.864380799761914,0.04354704788503248,-9.556065732466633
-6.722579627326618,0.020579678464671177,-9.511366173379617
-5.148471894018453,0.026915488482498185,-9.489540868407358
-4.0075035599649995,0.008236702053293438,-9.461428388206945
-3.164301074745687,0.017815076879459782,-9.455813805381627
-2.5576283739756773,0.001961272620851582,-9.443810518494434
-2.1033178541117885,0.013287461588976692,-9.44347376059847
-1.78089390419371,-0.001252913786219825,-9.437320252847504
-1.5342698149398728,0.010728035009413488,-9.443997753326606
-1.3633305576676142,-0.0030493831325212172,-9.440729986445822
-1.2267981632085383,0.009452262842540561,-9.446886313610507
-3.7587327293774275,-0.0998209577542738,-7.1759066298615375
-6.809422086009596,-0.03243939185809272,-3.769875812488899
-9.18055658146752,-0.010311436217599734,-1.337178927478138
-10.916078646087188,0.008823194045403965,0.4016700151262209
-12.189470501619956,0.020571812669444224,1.6681844128650491
-13.119577399659429,0.03183113120602061,2.59012688995358
-13.19782967235586,0.0005486725621517002,6.354403842645223
-12.95934191546679,0.012260601917766442,6.200047021132453
-180.2495230254055,0.44998000840896457,5.361227865215301
-135.02841537483548,0.3428022871234093,5.926413470690388
-267.68081902955834,0.693768371277367,6.469730463036269
-361.9851006761994,0.843205835324429,6.929450902830146
-264.5390544459262,0.5867994774355079,4.759270835312881
-190.20895794218194,0.4495367397920128,-2.7977011881473723
-137.67770728713586,0.3088342123957708,-4.53143237047129
-104.32120706263773,0.3064464372114656,-3.4140422753801802
-73.43057762915238,0.16041277127321246,-8.44193559453737
-52.45898597266016,0.0975834827525126,-8.62639190527078
-42.128719219419246,0.15474734294786138,-6.401890005205659
-28.039179456655017,0.04867858589950198,-10.624225311702668
-19.33050722181222,0.016137695185607044,-10.218800107201407
-17.950293264607232,0.09577692745068023,-7.563369689181526
-13.665357002143447,-0.10561456910978556,-6.559388447758966
-11.261657076676308,0.8493946894485871,-13.487238653341251
-8.225690442788338,0.6169529370852616,-9.853949250563169
-6.003128719222677,0.44906877263488265,-7.624301597765703
-4.381341867705336,0.3274768966415857,-11.61280130696153
-3.197542953700891,0.24742406363607994,-11.974187167061663
-2.3342105837586202,0.18032797705713277,-9.92128902787876
-1.7036889458692186,0.13149441529204733,-10.331446535850256
-1.2434255348900582,0.09588342990154941,-10.999152514850659
-0.907483847760836,0.06991478532519527,-10.54779011357987
-0.6622055071670601,0.05147451414604226,-10.539148450003776
-0.48329894282498687,0.037583421592293095,-10.532746437039213
-0.3527340400377063,0.027409679179005435,-10.528063241179604
-0.2574426682297065,0.01998591040032678,-10.52464398476204
-0.18789480486340776,0.014571748458717927,-10.522148280575777
-0.13717090374862073,0.010714151434338813,-10.520287821575467
-0.10046102290423786,0.008682651425947133,-10.518796670391934
-0.07374497766564743,0.011104618480354876,-10.517097989095094
-0.052825093324550494,0.0021446983725653315,-10.51768754979458
-0.037831405536721374,-0.004170908677613895,-10.517993009870377
-0.028325664175244278,0.0026148587465758457,-10.51638826909186
-0.021447801273532158,0.007668592735825881,-10.515191447341598
-0.016485693741954,0.011440326357831238,-10.514296301798538
-0.01291324147813166,0.01426314356597918,-10.51362483397111
-0.010348018199381477,0.0163833280549743,-10.513119119220617
-0.008512487279946045,0.01798297002765084,-10.512736267128304
-0.007205340182453613,0.019196754390196233,-10.51244453622815
-0.006280597133087456,0.020124323450235463,-10.512220437466814
-0.0056324204035215104,0.02083940245674016,-10.512046588003804
-0.005184089946792865,0.021396545819768152,-10.511910122815534
-0.00488000357207965,0.021836126286600973,-10.511801519350252
-0.004679873063097267,0.022188025908511606,-10.51171372794499
-0.004554513874674057,0.02247436614262425,-10.51164152849509
-0.004482791302259157,0.022711527563297716,-10.511581054457134
-0.004449405849468047,0.022911643800354972,-10.511529440689106
-0.002348907891720203,0.01083852383288779,-10.513549306527969
-0.0027679116974741085,0.014199729168312265,-10.513005257288953
-0.0013258989122189072,0.00891511255625984,-10.513956941119375
-4.3630917269862294e-05,0.0005953829343669035,-10.515331730545654
-0.0012121010005749896,0.006833230993257829,-10.514256993490166
-0.0019131576004678618,0.011076744482847935,-10.51351404374844
-0.0007283174006975531,0.006693566924943555,-10.514316214056866
0.00013930486101916247,0.0034968306114955693,-10.51490195297862
0.0007768151721641275,0.0011601396919167961,-10.515331016939065
0.0012462589852320232,-0.0005491689717288673,-10.515645776188618
0.001592989511130295,-0.0018005974717213537,-10.515877101710487
0.0018501044261057301,-0.0027178036324636452,-10.516047513755005
0.0020417492079361356,-0.003391020310111138,-10.516173443414658
0.0021855375988827936,-0.003886093685406505,-10.516266879316884
0.0022943189096127545,-0.004251074967706099,-10.516336568960629
0.002377467223195639,-0.004521030307197184,-10.516388895120322
-0.00029520435800210916,0.15908158193311908,-8.405323135525672
-2.7773304222409365,-0.035183310793120676,-8.827972840241667
-2.0258526726453576,-0.023995655690615188,-9.26010653873244
-1.478453202390896,-0.017367431531352943,-9.596626972915736
-1.0790315299555986,-0.012682670806489549,-9.844553317426792
-0.7875234631436876,-0.009273013644705223,-10.025755227198527
-0.5747684001000826,-0.006780956743637007,-10.15803229820161
-0.40988741024462516,0.0006024886706587837,-10.263018763235282
-0.28906869802879603,0.005859220605449119,-10.340234598704836
-0.2004447362999729,0.010878102493281236,-10.397064605828113
-0.13523284374674804,0.014614812830124873,-10.43927627864361
-0.10451225398674949,0.012961762470981275,-10.452948769766659
-21.32139962524929,-4.126276968859719,-6.584291584309521
-33.418397577741935,-2.30258639712332,-4.652362063924081
-42.44159426287911,-2.192709551461883,-3.439290448469766
-45.21896461705917,-1.006297455048676,0.1561365513800137
-112.29708724031646,-0.6278097774565357,5.043835133509573
-146.19172340022482,-0.31337360135741343,7.086883303917338
-109.10756846666064,-0.22243731316333315,5.015247027748709
-79.62366608782474,-0.16221811062124175,3.653482467367062
-58.09629298991956,-0.0985844729339431,2.6348783542200906
-46.42056677150728,-0.014621963249535685,1.8099825704673154
-31.10922286013206,-0.06053594043876985,-4.747356145115427
-21.567801851166735,-0.0636761441693644,-5.930992318949797
-19.590297932427276,0.03672318683161714,-4.4366877964038185
-11.584135849848753,-0.0372840765996548,-9.187305096628283
-7.317897994968808,-0.04663877691664348,-9.170697646265808
-9.850553390485254,-1.3847799987990816,-9.454790053526613
-6.886926357492356,-12.108335421433253,-10.962491029274531
-5.879801214150577,-0.4867223648283172,-10.139077553923894
-4.29211782594115,-5.757606001315072,-9.93809016681844
-3.133066280089176,-1.6803902677294662,-10.378138338009059
-2.2867426738797914,-1.2263927560460912,-10.415109555443346
-1.668973538917227,-0.8949494486022644,-10.442173234892335
-1.2180922593282466,-0.6530623543381839,-10.461937942873522
-0.8890191141171575,-0.47654285804299057,-10.476367574801628
-0.6488472485789395,-0.3477283266478319,-10.48690196507954
-0.4735594058556395,-0.25372771728529897,-10.494592780499588
-0.34562672699484265,-0.18513314968225675,-10.500207757805018
-0.25225589043409413,-0.13507885509304238,-10.50430732292887
-0.18410977634657463,-0.09855431474526918,-10.507300572792383
-0.1343737507883648,-0.07190297146640622,-10.509486142962007
-0.09807419961469885,-0.05245638303468873,-10.511082037908846
-0.07158116466288594,-0.03826722372992442,-10.512247404959952
-0.0522453461126287,-0.027914427637287825,-10.51309842743994
-3.341617688375049,0.027067829980773978,-9.410883179383783
-5.388464674763798,0.0459524679563626,-8.663347558940265
-3.9332839955172174,0.033174277409628986,-9.16364986989271
-2.870732996890502,0.024223436961160083,-9.528831586393585
-2.095188474119114,0.01771086992254974,-9.795358884016087
-1.529158031597567,0.01294984614077315,-9.989882552156404
-1.1160447036905747,0.009468024220650075,-10.13185477036836
0.8457917118576088,-0.011854992837060705,-10.856497885296275
0.6165451107719193,-0.008987108818122177,-10.76416128689195
0.4499145833165721,-0.006540404343170521,-10.69693933387605
0.32836477457312785,-0.00473892352112517,-10.64789311439778
0.2396578256293735,-0.003433267524086887,-10.612098893914096
0.17491517555806685,-0.0024879644451939182,-10.585975220413337
0.3214536280654148,0.031660579487155074,-10.596767803015526
0.23353923649669991,0.022577192976664176,-10.574505292311896
0.1703509736298504,0.016478704784409857,-10.558512124202416
0.12432414861034666,0.01205959001979828,-10.546862020535587
0.09073988066632638,0.00882661669739477,-10.538361756631671
0.06622852425256451,0.006459584656204515,-10.532158466748442
1.7116137778247908,-0.014953097500269828,-11.136212736668213
1.2483760023554167,-0.011312816293735494,-10.968280036421852
0.9110444975023496,-0.008246066501365857,-10.84591119361872
0.6649169871936375,-0.005986014714445279,-10.756618809666461
0.4852886021267233,-0.004344687392128408,-10.691451388724145
0.3541876625391398,-0.0031540030811065965,-10.643889878405625
-3.052358995171768,0.03316340798977802,-9.489892112801014
-2.2284062901581048,0.023904586065858085,-9.766769406188834
-1.6264473179113348,0.017463855911190925,-9.969000080920024
-1.1870540449572378,0.012777171991856979,-10.116610997297666
-0.8663607426228155,0.009348334028342696,-10.224345637816286
-0.6323051203940238,0.006838938774867354,-10.302975576828986
1.0055112832733113,-0.04914877333352309,-10.855753624959942
0.7312889583637422,-0.03710297624057873,-2.6628439668941866
0.5328894056656415,-0.027411939383102317,-9.396163200667317
0.38981876805417764,-0.019505836440540478,-14.61706051191091
2.0714313667231594,-0.03625559769581878,-10.056747040877239
3.077774918018579,-0.032274206596663066,-8.59692213717042
2.247081904930469,-0.01945881276644549,-12.839327553156263
1.6395989716274089,-0.017750665537977613,-12.2835945406499
1.196202905710542,-0.014939014790764064,-9.970258261518822
0.8725484004675254,-0.0146741904374106,-10.855712414128288
0.6375313534530347,-0.004682703928744238,-11.455174022529087
0.4649309641022531,-0.005640916155543425,-10.547472417865682
0.3397899427437288,0.002293247776258219,-10.538490705794384
0.24834962567985525,0.0011557533464215035,-10.532426309011605
0.18077703552523444,-0.0029195370410364805,-10.528164714307017
0.13147150412555425,-0.0059124187126168935,-10.525058684227188
0.09597272398233345,-0.004338049058802005,-10.522462585407972
0.07041635089972861,-0.0036818059746770242,-10.52072433061522
0.05089668542761072,-0.006471087914024705,-10.519617958769114
0.03752141649673789,-0.005237489400993244,-10.518649278383961
0.027407791080615168,-0.0038395600985914194,-10.517785571326101
0.0199953772611516,-0.002814544022518472,-10.517139738086943
0.020789324038958393,-0.0008060917012782734,-10.521935148094627
0.014878123105256692,-0.0027997363062046707,-10.520103124026177
0.013806837663577695,-0.0014640576631813522,-10.522300222988601
0.013126631878593299,-0.0004562435531182466,-10.52403017470708
0.00030852561911315704,-0.003057224265823422,-10.512725165095913
-0.010448076139760525,-0.0014148604053287831,-10.502965196283444
-0.017689259107141544,-0.0035161660231520816,-10.496382852779114
-0.024270835972844275,-0.0016387263043711696,-10.490131034528009
-0.7475276298127739,-0.17884151444285987,-9.862474145847857
-0.608491807499122,-0.18056181111123043,-10.259347057329391
-0.4706077585809853,-0.12031478436184948,-10.318849310809085
-0.3341445028737098,-0.08612291183486093,-10.375936411688405
-0.24479940535453626,-0.06224976143428042,-10.413535224574689
-0.1787065952140649,-0.04561612759348642,-10.441069344846799
-0.12956959718062347,-0.030773268268061205,-10.460970764900761
-0.09403789282634803,-0.019199292550944276,-10.475350266355974
-0.0675394752820964,-0.009559174351850122,-10.48605970822581
-0.04836755213509367,-0.0020355780184166993,-10.493819551235523
-0.03450947236005699,0.0038310970809415194,-10.49943934178365
-0.025423247744540065,0.0007404482837582442,-10.503679349518627
-0.017883364504736956,0.00620020167576792,-10.506583866913383
-0.013406057540260115,0.00256684415893501,-10.508838581597049
-0.010028865490669463,-0.0020416112957738837,-10.511027843450497
-0.006751393966103785,0.004493765702101448,-10.511909793864818
-0.0052783075064675895,0.0012329600935328303,-10.512726358309601
-0.004026043766636593,-0.003150691040871296,-10.513890141777408
-0.0024281470322130754,0.0038623608058610376,-10.513978136746182
-0.0011064224711008963,0.008746080237265804,-10.514153256105766
-0.009902571013779438,-0.0005344624900229765,-10.506089414786729
0.008937952203599182,0.002936840190206103,-7.222229018293031
-0.0037314097940351534,-0.055513359453844495,-7.747443754308694
-2.7836585229046182,-0.17057749259156296,-8.448954765004203
-3.1993182791573065,-1.6336742359323417,-6.051100116595915
-2.7940350115315247,-1.001661289833125,-6.814308436611398
-2.0612363535740768,-0.7155421438629683,-7.803552339343831
-1.5280960783372235,-0.5076084944610797,-8.525384834187044
-1.1400225192005657,-0.35570609726455743,-9.051792893245796
-0.8577228839271194,-0.2445843419790577,-9.43561434849477
-0.6528922837993173,-0.16216785295756092,-9.715247487318669
-0.49400979239053566,-0.1330276580903735,-9.92317670991969
-20.077070985637054,2.059716705623872,-6.382692256262631
-18.450527225745255,1.498553567289247,-3.714729921058668
-17.675413343016896,1.108751057362308,-1.2874094063799948
-16.11517013542043,2.159964697736008,-3.3673798847426406
-15.572601494455256,0.5099399366421264,-4.610367354599642
-15.12216593739191,-0.25338010108126574,-5.2493648015213275
-14.777490925926799,-0.4578481139888042,-5.7117267425982075
-14.525837042605055,-0.44101071103170364,-6.032229621522829
-14.336963999871605,-0.31503267394219914,-6.245999876066547
-14.196495629879935,-0.22307457200157704,-6.386344860920323
-14.089683140836172,-0.15387798346794823,-6.488362383104309
-14.011458182185057,0.0764519366149865,-6.55475365998031
-13.957826813875547,0.061389810497415875,-6.604859295369155
-13.915738614905909,0.22005891579850625,-6.646974881891799
-13.889398300920767,0.16653562592285587,-6.672003692984663
-13.865515606621317,0.26997066427891636,-6.694619006299263
-13.85227982346104,0.2032237500918338,-6.706923010716256
-13.838464260169523,0.268439098328169,-6.719928753140148
-13.831259399063876,0.20224739186107735,-6.728872450250107
-13.823632764634084,0.236659928560982,-6.7369773982240275
-13.820909176817022,0.17949985905026833,-6.743586825883274
-13.816664380090767,0.18681775803865758,-6.743626528491683
-13.814970143167079,0.14371494585576,-6.746688584362248
-13.812368445996372,0.13338016822858537,-6.751643287710367
-13.811160285890193,0.10536035918611578,-6.748774710014096
-13.80775860471687,0.10430989760412623,-6.747836810855514
-13.806508477975662,0.08641952103609069,-6.745504285726949
-13.805404899510302,0.09237011724566069,-6.744366837518355
-13.805779021303984,0.07623692324925047,-6.742949527560468
-13.805209798931639,0.0851139066643744,-6.744854390952227
-13.804810848412727,0.0728776225720591,-6.747616994862468
-13.80485017679668,0.0828312773279223,-6.747307898680655
-13.804971242187143,0.06974120200084198,-6.752386440159043
-13.80599813588073,0.0805930978250285,-6.7572285826327425
-13.806264823055423,0.06825610009978125,-6.762316434876155
-13.807238829667934,0.07949915961572156,-6.766256919284153
-13.807337326890549,0.06755676460029503,-6.770811064293127
-13.808401154467095,0.07893969907005388,-6.774181003671799
-13.808357454329226,0.06720619999841562,-6.778832384681362
-13.809628658591992,0.07861990028577719,-6.782069375711968
-13.809504588373258,0.0670353799090634,-6.787051285065991
-13.81111819620286,0.07851336224942762,-6.79092837978962
-13.810592347457872,0.06699329199189666,-6.794720194910361
-13.81234841212461,0.07845469557176535,-6.799121574528632
-13.812682166535062,0.06708843529598868,-6.8063080556827895
-13.814734193656511,0.07849972974325342,-6.811706281163151
-13.814349177033877,0.06718933054149068,-6.817011900519549
-13.81638523363448,0.07852385871019067,-6.821971931707201
-13.816541465159634,0.06735504837152555,-6.829458789866927
-13.818472333700624,0.07858121498203696,-6.834876520303861
-13.819091177577045,0.0674393911342823,-6.841855652441916
-13.820329745500423,0.07851930604735737,-6.847550333931428
-145.23407184669136,0.2987524815789355,-10.34710558592271
-257.09330345560574,0.0821893037541161,-18.384271039422735
-191.59100425760326,0.039744398713222766,-13.33839688682079
-137.26716599198272,-0.015688026648875412,-15.34632214700877
-99.05396950641867,-0.031321524726928354,-13.652410611177274
-76.13847938051268,0.05929191284669735,-10.070678201015557
-52.861215108912376,-0.02009831558011624,-13.301028170076869
-37.44661525185822,-0.03422543279827304,-12.17265367741995
-31.172051341254953,0.058581777892948834,-8.99002417646398
-20.042485413031294,-0.02147081201073637,-12.513274125259628
-13.494184574201835,-0.03512378078413825,-11.597478625307572
-13.690711394758434,0.05838901718994316,-8.569509371489156
-7.18393199717966,-0.026378035890483667,-7.314654541787704
-4.385292007826886,-0.12088728582607769,-5.224906715935289
-1.7825206524650876,-0.06627893547024888,-2.4531360635049637
-5.182320526270993,0.03578046533249761,-3.100201056620283
-0.4419663610499249,-0.04786084513444602,-9.476028904357715
0.6928517545806081,-0.05030324905241803,-9.19956789373699
-3.49830105764254,0.049280470853361465,-7.2790425012464075
0.5290670636502819,-0.032008096500852644,-9.862846333273449
1.392165072250211,-0.039757379038644305,-10.73452752979692
-3.006429803984837,0.05861834526742875,-9.242775508914068
0.695474532634901,-0.025919187445653705,-10.24337769290826
1.5361226927579448,-0.038168012758332176,-11.061565035765405
-2.8488559495670946,0.059720683230421054,-9.812450651294428
0.8323832945710756,-0.025387682570982215,-10.799121614304303
1.6583436956295203,-0.03760881883109874,-11.190752764817722
-2.7484403195588945,0.06021362826392657,-9.74271127708878
0.9064033382783858,-0.024713381915762105,-10.737131819010367
1.7096416788091584,-0.0371361886983471,-11.175171447456458
-2.711180418707424,0.06054966429409081,-9.717124869156022
0.9309800362577767,-0.024434039120512466,-10.69547914800865
1.725696355432619,-0.03693375699503762,-11.168600688730209
-2.69936653018012,0.060742509707340187,-9.72325202334026
0.9369772559411631,-0.024280980166744487,-10.671340526237518
1.7304717582499456,-0.03681361239679323,-11.15348479549877
-2.6956370506366203,0.060884452528967375,-9.738546458437003
0.9388096923794227,-0.024191500956767795,-10.668028408300426
1.7339894386201784,-0.036738724344406115,-11.13256372644415
-2.6928774044542125,0.06096229164337906,-9.745845964858384
0.9421025459493308,-0.024159367297526962,-10.681418824671145
1.7387166145656177,-0.03668953803730149,-11.117254453630517
-2.689410806663933,0.060993614382309075,-9.738665632700444
0.9470391089442409,-0.024165577619372214,-10.699236222446217
1.7432216523164645,-0.036674216912444026,-11.116085883038968
-2.6862628763459067,0.06098262687576179,-9.722297921311387
0.9511459586182403,-0.024194864911823093,-10.708426639222715
1.745224689967322,-0.0367096103285904,-11.12802821157514
-2.6849965263409477,0.06092548903730353,-9.708255092041895
0.952108706284859,-0.024232807388738654,-10.70336013280693
1.743873935378677,-0.03676417218043901,-11.143623756643729
-2.686108017091343,0.0608729534956981,-9.705618956047608
0.9497141203257686,-0.024249533461694478,-10.688684149527337
1.7404965330176116,-0.036785948658158325,-11.151970073167524
-2.6885441787642677,0.060881256106024705,-9.715039592202942
0.9459637189046406,-0.02423114338979828,-10.675140003919173
1.7376143282114729,-0.03676852478680197,-11.148112912112127
-2.6904951874929397,0.06093405586461409,-9.729026374757517
0.9435335132199612,-0.02419908333912711,-10.671714663590233
1.7371332882485584,-0.03673738151092834,-11.135782596965294
-2.690691104670173,0.060982295330420516,-9.737729883609784
0.9439324297470835,-0.02418180291650404,-10.67974828536495
1.7391442441699803,-0.036709001315492575,-11.124062937662064
0.217488849598221,3.091006770610727,-7.893798317481776
0.15539845815831094,2.244549458298862,-8.453828920197914
0.11334061788389338,1.637353104418262,-8.99512424632553
0.08272309582019556,1.1951312308129924,-9.404146564647274
0.060376061986238044,0.8724298659971474,-9.704153616867442
0.044064947140491625,0.6368825896304597,-9.923274406927481
0.03215994722260782,0.4649426993850083,-10.083219789963643
0.02347094198945531,0.3394309050200769,-10.19996059686775
0.017129182518053346,0.24780867416469912,-10.285166477348465
0.012500586892017128,0.18092405752907162,-10.347356006133706
0.009122363845212866,0.1320968837452705,-10.392746680525503
0.006656741520530983,0.09645111961290043,-10.425876414398648
-13.62792962466065,-0.20325110615259795,-10.298039092619236
-205.33062526047263,5.006066018882978,-27.1365696815512
-153.13408464186242,3.679336457216693,-19.02996112578341
-116.04061937730793,2.7039246268823494,-12.279821973606001
-238.96427776402146,2.2401951556235717,-20.40227942242988
-185.16666178640526,1.901623512328447,-12.551392400065676
-199.99729961466744,1.4914860442817497,-5.673652586643186
-194.0861347022034,1.0782854628807503,0.8393769106477365
-138.06701991464567,0.8024709129105825,-7.1620043100622155
-99.76107074453373,0.5746819216998098,-7.3993868398834755
-76.67435922766981,0.4736355103485542,-5.521143030083236
-53.24494829965321,0.28870480594915293,-9.981145812736774
-37.723701629138446,0.19103979864654894,-9.750229219108629
-31.38268430754985,0.22263471009163885,-7.224214808708876
-20.190751932661584,0.09852073921555347,-11.221717715677096
-13.599387751685647,0.05238422844165444,-10.655490640739895
-13.775966974602051,0.1221208317319015,-7.884144074470122
-7.179951912520043,0.023453814705095638,-6.697632984212415
-4.7903290549527,1.3679580081558176,-9.015488794573418
-3.0943822082132466,2.8337904108128793,-10.47193699946011
-2.4115416763370603,0.3588249929773806,-9.429155768956885
0.1564357500998601,2.0028079121599287,-9.984244970183767
0.10617726001774239,1.0156336491416404,-10.436689673203263
0.07749760080512985,0.7413469171217274,-10.457705372039477
0.056513915989017525,0.5411783369608311,-10.473215772810436
0.04124222157037346,0.3951264459803364,-10.484581355083792
0.030099694611903472,0.2885082320434418,-10.492885721688426
0.0219675476512307,0.2106697549935969,-10.49895126447932
0.01603227569114369,0.15384012135312153,-10.503381614640242
0.011700385682676803,0.11234743304964848,-10.506617824288645
0.008538734146228352,0.0820514020586684,-10.508981957664545
0.006231191152150354,0.05992967178700078,-10.510709179463236
0.004547027761456285,0.04377591191817712,-10.511971207433724
0.00331784503929624,0.03197945697931508,-10.512893436349689
0.0024207357892312817,0.023364459030367782,-10.513567439241163
0.0017659949861400996,0.0170724797832062,-10.514060093963229
0.0012881505531998556,0.012476789480571763,-10.514420246303931
0.0009394168342270296,0.009119808928950248,-10.514683574543838
-3.341489088407548,0.04884551440520497,-9.589463673986094
-2.439303169441995,0.03547074321462319,-9.839511451368416
-1.7803554867743832,0.025932042665466417,-10.022097090849687
-1.299379448703796,0.01897067920437725,-10.15536360101844
-0.9483387464542176,0.013877176780280227,-10.252628537048405
-0.6921348897320312,0.010150175373468582,-10.323617298895371
-0.5051472779369437,0.007423558085262773,-10.375428358911947
-3.7125673484861155,0.04449868849647603,-9.45073359300461
-2.710166172089729,0.032237765375478546,-9.738246908317619
-1.978048398655519,0.02355380786286042,-9.948188660590905
-1.4436665898907826,0.017224317976281704,-10.101422225774442
-1.0536472145218059,0.012595489583012348,-10.21326001986409
-0.7689945312083604,0.009209841994573087,-10.29488459603005
-0.5348012102290666,0.004134953690378282,-10.36342312952517
-0.391258974259127,0.0025789655942150594,-10.40424721498276
-0.28564013075833417,0.001893928909799811,-10.434254158029198
-0.208475612449582,0.0014174466864990715,-10.456172902093295
-0.1521506584348048,0.001060782747630734,-10.472172315924674
-0.11104252935917608,0.0007925926931500562,-10.483849967103367
1.3828446396818257,-0.08749392367647377,-10.743130391597067
1.6078849434061953,0.9121801861064592,-10.354434701596512
-1.9530258500094817,0.5912753338694463,-9.493204099598662
-1.425521662654065,0.4297342140514761,-9.769321107925219
-1.040413027050951,0.3133084193380341,-9.970851118881148
-0.759342972687565,0.2285045193124858,-10.11794163531508
-0.554207004144827,0.16665207546313404,-10.225299409007471
-0.40449020242402844,0.12153377998676645,-10.303657715204276
-0.277370629697564,0.07632986567921429,-10.369378159403187
-0.18259332072944545,0.042540852220560726,-10.417919513689014
-0.11143265875376196,0.01717629224327055,-10.454101210507353
-0.6136444390820452,-0.9688648154199232,-10.818618279589064
-0.21395292741864652,0.5463996542755242,-9.00304167482147
-0.15774471505337467,0.40015149304127323,-9.384007709569302
-0.11525166308912574,0.29197514641084654,-9.68679826402428
-0.08412913798277946,0.21291431811074352,-9.910329635984994
-0.06140797870152918,0.15523466525624202,-10.073738757162701
-0.044825076579217,0.11316723776716783,-10.193033843410696
-0.032722339569156295,0.08248977136769717,-10.280107666720294
-0.023889344731219682,0.06012044199736135,-10.343661703801855
-0.035622133248329586,0.056055470338655794,-10.38145939254309
-0.04664974118778788,0.054184804020203384,-10.408043291968756
-194.94776025311424,5.611420008406033,-24.13851952625051
-313.767572998554,4.857740779222131,-36.923181068723736
-418.3422266725916,4.115571801905894,-49.881447364380826
-463.55803186488066,3.3505632115298187,-49.156709314345875
-492.7002064130248,3.098615502703211,-36.655250386545745
-421.54342041603354,2.268646478447412,-21.764219666801036
-307.61030621003067,1.6557574926681053,-15.99877725919951
-224.50307641377827,1.2082458921570465,-11.674302313680728
-163.83264293608596,1.0688037736613125,-11.360721587024015
-119.57309055649228,0.7800018951608684,-11.131439639639122
-87.2697577064384,0.5690894206336483,-10.96492852574035
-63.69330389849934,0.4151823452079535,-10.843459206855913
-46.48617011151316,0.3028854303895286,-10.754812780343602
-33.927650113411154,0.2209520972966847,-10.690118928703637
-24.761892370086926,0.16117445792248758,-10.642905977795055
-18.090591888432257,0.12982267411107898,-10.599809101857069
-13.224125203501256,0.1080597507107838,-10.567319022392596
-12.452165044581063,0.1822171711241783,-10.558841342415782
-9.088172482428787,27.147707363328877,-10.412906753574438
-6.635416313613209,8.475158523572397,-11.81912609212139
-4.842356281030195,13.39493668957618,-10.99757322382508
-3.5340877386020004,5.5114498141370785,-10.505150817575574
-2.579242938517012,5.801802604198465,-10.764155575056066
-1.8824441674377668,4.234302835141172,-10.697015053865657
-1.3738932288439365,3.0903630018542687,-10.647959183344222
-1.0027289124478789,2.2554760189946697,-10.612149600725582
-0.7318365202455106,1.6461410614696201,-10.586013403075512
-0.5341272721461243,1.2014227798774615,-10.566937937292964
-0.38983033952320084,0.8768486612282809,-10.553015782727396
-0.2845160620038215,0.639960837701691,-10.542854750655495
-0.20765303523217307,0.46707018086258123,-10.535438752611734
-0.15155497835940426,0.340887357494833,-10.530026201722558
-0.11061210696580126,0.24879387788294752,-10.526075855268124
-0.08073015475035988,0.18158023331321477,-10.523192690575026
-0.058920947017828726,0.13252493466297863,-10.52108840271448
-0.043003582927435974,0.09672235545070684,-10.519552574106298
-0.031386345575758985,0.07059216288584089,-10.518431632776528
-0.022907530262315734,0.05152127971401625,-10.517613495116287
-0.016719274051074238,0.037602572575750136,-10.517016357571972
-0.012202769409393197,0.027444135990235312,-10.516580516305744
-0.008906383482137495,0.020030099190038668,-10.516262396808164
-0.006500494747638564,0.014619037636079482,-10.516030196506549
-0.004744531068068558,0.010669828945578823,-10.515860704434
-0.0034629122578401397,0.007787539742845193,-10.515736980205569
-0.0025274921904905397,0.005683931414261914,-10.515646659971175
-0.0018447442363218177,0.004148635548462785,-10.515580720028181
-0.0013464085016573815,0.0030281168615317803,-10.515532574460686
-0.000982665869590595,0.002210318967575939,-10.51549741657748
-0.0007171562145271412,0.0016134586448853946,-10.515471738201942
-0.000523342223909371,0.0011778471925823382,-10.515452978918356
-0.0003818558273988312,0.0008599214426256768,-10.515439269995136
-0.0002785613043446579,0.0006278872442904055,-10.515429247552746
-0.00020314177423084946,0.00045853998950885766,-10.51542191615323
-0.00014806749522944474,0.00033494403832209116,-10.515416549264689
-0.0001078429239245317,0.0002447390775003758,-10.515412616608884
-0.03961306389249663,0.02792864168594711,-10.49805419439007
-0.029140940067233792,0.020106111137809926,-10.50276094266454
-0.021305339408004366,0.014646960237766536,-10.506176230498879
-0.015554287872533188,0.010685066784749963,-10.508668697759374
-0.011352772296902857,0.00779628460516275,-10.510487657304886
-0.00828571081887035,0.005688712382695239,-10.511815188916927
-0.006047103756863506,0.004150984307667833,-10.512784074097933
-0.004413212272083473,0.0030290119980083273,-10.513491202856454
-0.0032206831616251414,0.002210381076501739,-10.51400728858651
-0.0023502851412258306,0.0016130754328529408,-10.514383941651797
-0.0017149964092714831,0.0011772561273739129,-10.514658830106631
-0.0012513040659839873,0.0008592635666108115,-10.514859445991895
-0.0009128531700879556,0.0006272425055184754,-10.515005854382956
0.0015928859350690789,-0.004313700717817337,-0.5225209397532158
0.002302193959147423,0.001337180731164611,-5.247786891288561
0.0017042794985936125,0.0008765079650018454,-12.791468771042517
0.001407089377003808,0.0006357298875032939,-9.773051944141251
0.0008909412270946049,0.0004155280285286124,-7.068775317066921
0.0006112544308345073,0.0002946052111708635,-11.156138686730444
0.0005617548462423008,0.00023173741457666955,-12.054540166279871
0.0031357862598914957,0.0018296513022665567,-8.87580995849747
-0.0070012377339825314,-0.0013416104263554705,-9.412072323720928
-0.01484410481518927,-0.0035793610377242097,-10.520375324875731
-0.02099078396553463,-0.0049569933193215395,-10.107672491488996
-0.026061913591831458,-0.005867321976662519,-10.207284678115004
-0.7494867341802122,-0.1727927930400118,-9.655210619959444
-0.6091832098760952,-0.17476390480888268,-10.033375631202343
-0.47120193443026737,-0.11609025135574136,-10.153872851827328
-0.3345485024539883,-0.08302770477635171,-10.255553917061288
-0.24620986102869538,-0.06298433814892938,-10.325157389373132
-0.17974576362021488,-0.04609049419237718,-10.376563189199826
-0.1312868493828241,-0.03353763674939119,-10.41401859681269
-0.09701758147580149,-0.028704353849232388,-10.441486843263409
-0.07185793231608248,-0.025615192705892936,-10.461578156780705
-0.0533299399101848,-0.02379922265342797,-10.476295454933306
-0.03968164909596662,-0.02281096399421801,-10.487077281346227
-0.029822949561071004,-0.02201227216833319,-10.494893139404113
-0.021102797815374184,-0.01036816671805706,-10.500170885201397
-0.015754957655208505,-0.009538570200571026,-10.504155938971612
-0.011733944871755837,-0.010897321288182002,-10.507612446516585
-0.00800378014393202,-0.0019407706260753405,-10.509417830030783
-0.0061921060911853355,-0.003472215103427479,-10.51090516166354
-0.004687537185086543,-0.006599032963520119,-10.512561939124655
-0.002915795058115571,0.0013669318766850215,-10.513010532204841
-0.001471163044702288,0.00695627960510658,-10.513446859735762
0.006535281527921689,0.0034094899011603472,-10.520617421934448
-0.005063855610826649,0.0028150533938543177,-10.509720420069273
-0.01368337214343945,0.0024955288902657174,-10.501537313260519
-0.02032420203854061,0.0023333290359217863,-10.495104958428827
-0.025517592443208555,0.0022837737677098083,-10.489956873700105
-0.029645356041058495,0.0023144137574227517,-10.485758492247138
-0.0329856987576,0.002401332868341743,-10.482265884004558
2.228497438166707,1.2770993735205405,-11.208969823432609
2.240581431947902,2.2327258323416563,-10.700851441750727
1.6350565489890665,1.6251296074467017,-10.650785454248208
1.1933274502988143,1.1855089100794778,-10.614184945284594
0.8709398994641695,0.8650393930340995,-10.587473130265467
0.6356449987633844,0.6312101027054042,-10.56798215099975
0.4639158233510877,0.46057951277042375,-10.553760971807838
0.3385801831009154,0.3360665029763842,-10.543385184585194
0.2286149828519279,0.2575899737340619,-10.527372026521654
0.14588233401271886,0.20141410365848683,-10.5146337750925
0.08369856258886521,0.16107161577744197,-10.504617413887203
0.036884691916817126,0.1321098082400042,-10.496743489047244
-2.747802636680049,0.1056495950010945,-9.90609733715709
-2.34320841390286,0.19625175791591454,-9.656200926334616
-1.7107770422504003,0.14316668498184804,-9.880970067145348
-1.2486461390338206,0.10420386606673884,-10.051596160914523
-0.9113248610216829,0.07580108354728876,-10.176784351039307
-0.6651314023327313,0.05511844352286971,-10.2682241860469
-0.4854488793393368,0.0400629982206753,-10.334974033415886
-0.3543088839884472,0.02910699557647127,-10.383697107727775
-0.2585972708396315,0.021136724884527197,-10.419261825685668
-0.1887427900067981,0.015340544700995763,-10.445222072143878
-0.11940977694752461,-0.0013511932509765248,-10.47292978461152
-16.604057009780714,0.8332107716903843,-10.501302305555464
-243.27135040212096,0.7286090183309729,-29.73497268016918
-291.40834456452035,1.5360049311719215,-37.68521725309285
-422.6793651823898,1.606551441639743,-52.83944303964324
-509.3635500662806,1.5834114765057135,-64.2810616032096
-542.9803212731929,1.2407094628922897,-61.78711085098666
-552.9151059968648,1.0453947220389206,-45.93673258132344
-459.9419749887156,1.2163954363203378,-28.43578656378182
-392.6172631859576,1.2547824781012933,-15.660968196464884
-344.2836717891263,1.2979760080868517,-6.300057366947319
-250.2706038577885,0.9317671734001305,-6.775579451856455
-186.4742510814633,0.6929579685765703,-4.959208902013363
-133.3554125364347,0.49810460916850074,-9.632734981809396
-96.19334732523994,0.3436835135141014,-9.498453529818837
-74.0469986590183,0.33289501964848806,-7.038965039537233
-51.33472775490921,0.17935258880635993,-11.088606621972378
-36.332551073447206,0.11133139812640071,-10.557869634041705
-30.359042351785966,0.16509676037432658,-7.811176497617083
-19.4489783471015,0.05599667552348382,-11.653324071707083
-13.061072507703013,0.02140504161321813,-10.969732193157869
-13.374689817829703,0.09992794030445291,-8.111044762087705
-10.244876994519363,-27.089902602254433,-8.697613977610787
-7.479297044946485,-8.385388150171796,-10.870216611532463
-5.458679693071787,-13.403940452716867,-10.559274878567074
-3.983941848334307,-5.44362007306802,-10.141671007080177
-2.907668927478425,-5.773083665322935,-10.448032239156454
-2.122151469653775,-4.213359035444366,-10.466296852319518
-1.54884128016445,-3.0750860264232474,-10.47957051409871
-1.130411673738313,-2.2443324393599324,-10.48925131179105
-0.8250229006799684,-1.6380126444286205,-10.496315944619736
-0.6021367197320933,-1.1954937811480224,-10.5014719161289
-0.4394646124761494,-0.8725239838559555,-10.50523495015374
-0.32073938250538986,-0.6368063589776002,-10.507981367923218
-0.23408850910776952,-0.464769217565809,-10.509985816085164
-0.17084690573306643,-0.3392089032242145,-10.511448742704646
-0.12469041259700445,-0.247569429344733,-10.5125164434356
-0.09100338099405723,-0.18068688339280226,-10.513295691240202
-0.06641710845768131,-0.1318730376450284,-10.513864413674769
-0.04847296836558489,-0.09624652841596518,-10.51427948566774
-0.03537654739197407,-0.07024472093913992,-10.51458241703677
-0.025818204130317754,-0.051267447014671993,-10.51480350346837
-0.018842104976390422,-0.03741698892267806,-10.514964856013442
-0.013750640607304247,-0.027308308428409554,-10.515082612373872
-0.010034665302561422,-0.01993054323593077,-10.515168550471305
-0.007322582152830642,-0.014545921333021235,-10.515231266375467
-0.005343183489848111,-0.01061598403695645,-10.515277033865532
-0.003898530143871594,-0.0077477402636562925,-10.515310431798124
-0.002844157366717965,-0.005654367728334242,-10.515334802045901
-0.012722427040429106,-0.007214521982018468,-10.50638462455666
-0.001066220535811152,-0.003704532017734273,-10.51465133931204
-0.011842111275108261,-0.0054907192890211835,-10.505355573700673
0.0019570209532282726,-0.0013272262367599761,-10.517096276215044
0.012324947149419396,0.0016018305786812195,-10.5259939254085
0.020187209104014725,0.0036343540585422455,-10.532837617724923
0.026211967569186118,0.005014550499699941,-10.538174691668205
0.0308891105441774,0.0059208849377574415,-10.5424049339448
0.03457618175567484,0.006483672502443046,-10.545819742998637
0.037533974702893415,0.006798089856159231,-10.548631513800913
0.039952733903325266,0.006933645827656319,-10.55099511390152
0.47396495952313944,0.054310808776725124,-10.757039992455512
0.9497884937132333,1.0503248030727041,-10.369954740190764
0.6932576743674574,0.763404007507524,-10.409399560621296
0.5059404615984724,0.5566444039880926,-10.438037517604768
0.3692308094748609,0.40604940799735134,-10.45892684891397
0.2694593485779461,0.29620392014628727,-10.474174272723056
0.19664574558978648,0.2160676616227229,-10.485304767076224
0.14350627121168813,0.1576055065494491,-10.493430161363015
0.1072535434463508,0.12290419184282156,-10.499646763242664
0.07663432654800623,0.08778718580031436,-10.503203626172976
0.05619222501074074,0.06370143158128244,-10.506631739301003
0.04100437883474781,0.04643927828783356,-10.509003546682631
0.029921157344220448,0.03386310664381127,-10.510733109095145
0.021638257746629995,0.1039200119307452,-9.590947652340477
-2.7628617773317914,-0.17049240841291996,-9.769875790281393
-2.0027284188542978,-0.1247086841430406,-9.967375438715026
-1.4618153915580296,-0.09102324367081696,-10.114176327533238
-1.0669184570477412,-0.06646799689463309,-10.222440309224462
-0.7786896370811174,-0.04854199531089209,-10.301571859326021
-0.5683245051866629,-0.035451357991858085,-10.359337592574033
-0.41471409994127406,-0.025841056242722697,-10.401502776381442
-0.30266775597990453,-0.018881116211372437,-10.432275228963823
-0.22089870024464342,-0.013800957230152119,-10.454732794906741
-0.1612208855540084,-0.010088915569422683,-10.47112297443457
-0.11766549995885,-0.007375993765379084,-10.483085175125773
-0.085876882799124,-0.005393073995088496,-10.491815688476462
-191.84014915776066,5.540315596561693,-23.784893854090996
-369.2729137532609,5.260316999220968,-42.782316953494586
-437.1430195090609,3.9878300932321395,-45.20780536467731
-475.7087097544631,3.5929099337619594,-33.52969895929
-346.2954239546325,2.80683446502512,-34.24965805676804
-252.73458934134482,2.048104372449741,-25.007251747168553
-182.81268741982745,1.2841116469398322,-21.84358719739732
-133.4243010958017,0.9383215373881334,-18.783188568495156
-97.37889921950338,0.6850870023405058,-16.54951128984692
-71.07140431466168,0.500148627600152,-14.919334529976098
-51.871038897659105,0.36513612768742754,-13.729575143436827
-37.857768220396935,0.2665749741494784,-12.8612404965718
-27.629981340311254,0.19310958480670792,-12.226590952065173
-20.165548655216522,0.1409800828860371,-11.764312094375073
-14.717695331843093,0.10292297572058026,-11.426923840173181
-10.741619441184424,0.07514065759063676,-11.180671097946
-8.141514583759653,1.328347321770814,-9.19385071198596
-5.935569939447576,-0.38129533385190295,-10.291853091370193
-5.020556557039439,-9.094590211105203,-11.40292684338503
-3.6629323645231713,-1.2026678294593651,-10.238418314927252
-2.939999919492489,-5.818245364213104,-10.084158649596759
-1.9352361838253183,-1.9709261286923043,-10.637670160334094
-1.412547027547913,-1.4404509257018456,-10.604598491373878
-1.0309800909929667,-1.0516777692329071,-10.580484312353619
-0.7524795368483942,-0.7677364922966372,-10.56289066210443
-0.5492119174549173,-0.560454322030941,-10.550053028092929
-0.4008547213452027,-0.4091424397193547,-10.54068567333621
-0.2940840980806031,-0.30103379334810354,-10.533232066690847
-0.21440463040953112,-0.22067523286361748,-10.528536110914274
-0.15649102861058578,-0.1611615986501824,-10.524994862245885
-0.11422156339782293,-0.11767015031840902,-10.522404585690797
-0.0833700096679986,-0.08591270413828483,-10.520513645484487
-0.060852205948829334,-0.06272597253552883,-10.51913358152453
-0.0444169575359675,-0.04579713188610063,-10.518126399653244
-0.03242118570029841,-0.03343722634021417,-10.517391343115193
-0.023665664957315813,-0.024413108783528797,-10.516854876857005
-0.017275119870409535,-0.01782445769109476,-10.516463336595658
-0.012610713264212009,-0.013013952116267737,-10.516177559708945
-0.0092061758246118,-0.009501684888113527,-10.515968966497011
-0.006721189911323943,-0.006937277114807476,-10.515816700365798
-0.004907366257217488,-0.005064916971411383,-10.515705540847808
-0.003583411664507209,-0.0036978353176848537,-10.515624380505518
-0.0026170043827708836,-0.002699670481018247,-10.515565113508812
-0.0019115657911844474,-0.001970863101006487,-10.515521824456107
-0.0013966052031715221,-0.0014387232489806241,-10.515490196532387
-0.001020672962414853,-0.0010501783793651653,-10.51546707940694
-0.0007462169773476681,-0.000766478767375065,-10.51545017412115
-0.0005458286425591274,-0.0005593320832541137,-10.515437802951677
-0.0003995029949842347,-0.00040808104599277906,-10.515428741516253
-0.00029263866563924496,-0.0002976428551582185,-10.515422096300128
-0.00021457831142131136,-0.00021700487871655885,-10.51541721522446
-0.0001575432906557786,-0.00015812617608284456,-10.515413622442878
-0.0001158560806166796,-0.00011513558660568562,-10.51541097064941
-8.53726764191e-05,-8.374628883744854e-05,-10.515409006391138
-6.30684017025472e-05,-6.0828025626033055e-05,-10.51540754467211
-4.673554251074367e-05,-4.4095248327199106e-05,-10.515406450477517
-3.4762648736090784e-05,-3.1879091590841076e-05,-10.515405625247888
-2.597354475565314e-05,-2.2960994746681487e-05,-10.515404997051364
-1.950967733960797e-05,-1.6451078460986744e-05,-10.515404513384714
-1.4744357471289359e-05,-1.1699660608972831e-05,-10.51540413587568
-1.1220134034643049e-05,-8.23226646276452e-06,-10.51540383655981
-8.603122183543257e-06,-5.702496500809081e-06,-10.515403594963225
-6.649496467036088e-06,-3.857352281511104e-06,-10.515403396142805
-2.7532494241144715e-05,7.999021147127595e-05,-10.515391286438874
0.0003289823886480113,0.0008030458307930101,-10.515516930667498
0.0005485804163721695,0.001570544454099353,-10.515587709554
0.00038520138020716843,0.0010827493084296365,-10.51553285805293
-0.0007616265374950039,0.009165476117665423,-3.4045193473928617
-0.000715485374336237,0.006655357062179136,-10.966496392415168
-0.00024303334398547615,0.00491178992980283,-14.697012288556106
-0.0001300413546081181,0.0035743114719098473,-9.3270821637061
-0.0002551040176337202,0.0025715881210688057,-8.549299733450148
3.4271023463602966e-05,0.001932918480521303,-12.258391209128398
0.00012797979479895995,0.0014260675349052423,-11.354085185242672
5.504466880878847e-05,0.0010350768190525855,-9.430647839905498
-3.2628585769392234e-06,0.0007495503732969801,-10.720619717820334
1.3597307138145041e-05,0.0005516283648494393,-11.218012594816507
1.414792458084287e-05,0.00040113789346049665,-10.331175811441472
1.4974509537329436e-05,0.00029475902080695014,-10.38100292124562
9.657761661800243e-06,0.0002156575482147015,-10.4173184077527
6.886818565872609e-06,0.0001578641136314709,-10.443817024133672
5.192962918286882e-06,0.00011574193090264323,-10.463156155008042
4.035966604652872e-06,8.505293144404322e-05,-10.47727060439837
3.22547594252982e-06,6.269552090702446e-05,-10.487571925757395
2.6601908694559182e-06,4.64083695798465e-05,-10.495090268102166
2.272027009565551e-06,3.4543673200020114e-05,-10.500577471794381
2.0121484610831483e-06,2.5900814049358642e-05,-10.504582261971676
1.8451378194054518e-06,1.9605035623924667e-05,-10.507505122160271
1.7451576150220768e-06,1.5019043738083128e-05,-10.50963834277359
1.6934155357491946e-06,1.1678595880523065e-05,-10.51119525014387
1.6762095205323657e-06,9.24542436571394e-06,-10.512331539151324
1.683630485592796e-06,7.473125056604802e-06,-10.513160842761343
-0.009150636389050646,-0.002923435965809687,-10.505071364786202
-0.003947726764612762,-0.0004088555430152513,-10.51110140108977
0.003733816070014671,0.0005808170328408283,-10.518013020274545
0.011948816154910263,0.0031014190771022788,-10.526078123481001
0.01837799117207909,0.004813290320082924,-10.532497456384146
0.023491660585881244,0.005940924451938213,-10.537704184559122
0.027628275497244593,0.006646901749418908,-10.542005097527229
0.03103730951933149,0.007049335822080337,-10.545626876009276
-0.7045934560414817,-0.3469386368568346,-9.741934168143121
-0.28813791784039783,-0.796627328121523,-10.485961196783288
-0.2099293970004569,-0.5860129889957182,-10.494216212121074
-0.15322888487261946,-0.42839556707804105,-10.499948762274142
-0.11186270505291358,-0.3129199892401437,-10.504111223353481
-0.08166752800423577,-0.22855687404275138,-10.507150209373302
-0.05962520592433156,-0.16694485591048455,-10.509370772808035
-0.04353409610483276,-0.12194874550626515,-10.510993622480909
-0.03178720178255213,-0.08908610816470577,-10.512179768905993
-0.02234086999074716,-0.05804273523360048,-10.51265431499054
-0.01702085519604102,-0.04971368774512584,-10.513866288802259
-0.010365795884260152,-0.026651591940550584,-10.514443877358573
-0.00790711613901533,-0.026976501973380987,-10.515271674752805
-0.0050687005598085925,-0.019904853424312766,-10.515721709682854
-0.022960131305676763,-0.028734500278807217,-10.506585313173707
-0.016622946610537745,-0.020981700176694842,-10.509096699340843
-0.012124160049169684,-0.015319077340671047,-10.510815101795673
0.0004577307002610973,-0.28601172351493126,-6.982311305465464
-2.7673449254272438,-0.4468809483584747,-7.585984002525984
-2.0070412163497204,-0.32398580109287667,-8.342319821910095
-1.4408517583401546,-0.2528980118018217,-8.934586214075033
-1.0283442734499622,-0.1992587446955076,-9.371580551745968
-0.7263877017204723,-0.16008347011769347,-9.69145926005608
-0.5050023537970076,-0.1317407057700328,-9.92538833386524
-0.35081256573303593,-0.09519816608246778,-10.093941393488985
-0.22864480529480352,-0.08221306954224662,-10.219959376347717
-0.1481458947467405,-0.060038524702580226,-10.309179756332966
1.5396503787927052,-0.06181392583131292,-11.143535237956453
-2.2166367963391957,-0.015950859307384872,-9.453044322669065
-4.9628396252024025,0.01754361951997232,-8.221627416205147
-6.962998951675328,0.0430771863616016,-7.325479270557524
-269.72967594489097,-12.96364301725718,-65.86075419124474
-208.21576854083892,-9.458636700757646,-46.3626953585504
-155.2844682226265,-6.383865079826563,-38.72276973255327
-353.68171661342393,-12.645452322595483,-83.1889605593363
-344.12765847769515,-8.652663665162393,-69.28312145342929
-250.9998909905292,-6.313036985334082,-50.83907891105294
-183.58877495361293,1.9078774415983561,-40.9453271099815
-133.99167537389314,1.3928714375741396,-32.720126656112065
-97.79308925506004,1.016368034033497,-26.72065827331316
-71.37369918324777,0.7415819447099963,-22.342577060840117
-52.09166013956413,0.5410693835968241,-19.14735279141968
-38.01878228356501,0.39475955001573526,-16.815355191906338
-27.747779696744978,0.2880028849760834,-15.113367218942646
-20.251552293427192,0.21010866974853654,-13.871185676514042
-14.79811615641324,0.1651915764068958,-12.956264803167375
-10.82070048769813,0.13369425199368853,-12.287339417055556
-7.919728088438022,0.1114217129308778,-11.798377485371567
-8.52531124794034,-22.967643225389903,-10.572886650485271
-6.2205903462777945,-4.327424968123196,-12.858148668365496
-4.541646682900363,-11.33930998225177,-12.17492843631549
-3.313412929051509,-3.2004232490366444,-11.348311830493676
-2.418149469193121,-4.601492368017821,-11.306541358465163
-1.7646433679644926,-3.358509560875931,-11.093031214414868
-1.287896959047374,-2.451244337991337,-10.93700638442895
-0.9399635350862321,-1.7890645632314293,-10.82311099802252
-0.6860277010487359,-1.3057674221687992,-10.739982726335072
-0.500694252504957,-0.9530292066401744,-10.679311762235129
-0.3654297516262498,-0.6955801832540063,-10.635031360793983
-0.26670775339596614,-0.5076785634076109,-10.602713537995365
-0.19465606973767308,-0.37053659395940164,-10.579126534006006
-0.14206954654289441,-0.2704419451710832,-10.561911666242123
-0.10368954786960494,-0.1973865999868638,-10.549347464290152
-0.07567809160786891,-0.14406614658024014,-10.540177523501255
-0.05523405115990451,-0.10514941009033525,-10.533484864507422
-0.04031304199944667,-0.07674539184311902,-10.528600235552387
-0.029422983208446357,-0.056014213340825444,-10.525035187271557
-0.021474889031330498,-0.04088316254652492,-10.522433227841288
-0.015673970191648984,-0.029839449091375172,-10.520534173844776
-0.01144015484414507,-0.02177894551323322,-10.519148131967599
-0.008350081217863223,-0.015895790599401712,-10.518136509713338
-0.006094761449505501,-0.011601815490197637,-10.517398156168003
-0.004448682720965628,-0.008467736426238204,-10.516859246894638
-0.003247255940956979,-0.006180233534738464,-10.516465901575208
-0.002370356729830416,-0.004510624834505807,-10.516178795987729
-0.0017303131457100402,-0.003292002437954628,-10.51596922951562
-0.0012631382857295902,-0.002402545108247867,-10.515816255195062
-0.0009221317344594439,-0.001753338867913973,-10.51570458498286
-0.0006732094812923921,-0.0012794877981236964,-10.515623060980477
-0.0004914954796920015,-0.0009336257732257508,-10.515563539638936
-0.0003588340759403852,-0.0006811813978757549,-10.515520077413392
-0.00026197452403911977,-0.0004969216747851045,-10.515488336410709
-0.00019124571455956448,-0.0003624294659759119,-10.515465150677324
-0.0001395892849930124,-0.00026426233004578733,-10.515448209513016
-0.00010185370859731234,-0.0001926088525468306,-10.515435826449925
-7.427914966078227e-05,-0.0001403078276884054,-10.51542677062889
-5.412147818938979e-05,-0.00010213227969962111,-10.515420143685285
-3.937789316776457e-05,-7.426703552179808e-05,-10.515415289930543
-2.8586660457601018e-05,-5.3927449541423266e-05,-10.51541173080095
-2.0680850412209103e-05,-3.9080973905231314e-05,-10.5154091170381
-1.4881834876103531e-05,-2.8244042550035e-05,-10.515407193693035
-1.0621208413931984e-05,-2.0333820722497833e-05,-10.515405774698271
-0.03935511817160462,0.02769805088709387,-10.498136016605246
-0.02895450532525668,0.01993657474900075,-10.50281735865557
-0.021169446560210067,0.014523136518969661,-10.50621699642471
-0.015455109630982497,0.010594679684682726,-10.50869839407512
-0.011280371656917743,0.00773030892544112,-10.510509314357693
-0.008232853027943528,0.005640555046410821,-10.511830983290375
-0.002016845851693925,0.004763604579478927,-0.5087515237620632
-0.0019542565950282594,0.0034020746849947395,-5.23865917597279
-0.0013628131440929854,0.0024951142655195244,-12.78481173766715
-0.0007482765190819003,0.0018563001078535084,-9.775424094315213
-0.0007411241640332134,0.0013220001669145866,-7.058619823787266
-0.0005987633356400986,0.000958040589071744,-11.14720349021447
-0.0002693190291076406,0.0007262537681657921,-12.049849058366805
-0.0002895776348762713,0.0007562642722432848,-8.867281996568959
5.8053124158353976e-05,0.0012998770751682853,-9.407594849121653
-0.0015111130539174533,-0.0036670844511821734,-10.52254147369792
-0.0010930722662230447,-0.002726882586286368,-10.107800389211405
-0.0007803719853460027,-0.0020057199944684004,-10.218023188780675
-0.0005710136524146732,-0.001475694495083512,-10.29837448371508
0.005970863309039777,6.737822269726394e-05,-10.36243444319077
-0.005271332634234376,-0.0025164584586241205,-10.39441326133508
-0.013399578909342826,-0.004424786563625451,-10.417916714881809
-0.019874555365512872,-0.0056475159993614925,-10.434389161158688
-0.025092209355015757,-0.006393012966387172,-10.44579547121943
-0.029345292003980866,-0.0068055047061524095,-10.453564150320624
1.3762562788304313,0.5436326024694356,-10.99737346366811
1.0134385875296044,0.39777113507626005,-10.87094085729963
0.712886046262371,0.3026038165694482,-10.764946127364047
0.7237384067904883,0.23883440563875982,-10.723551717797175
0.528089195783435,0.17416852016839407,-10.667344653768161
0.38540808175930585,0.1270424320766001,-10.626298127325036
0.2811931965934535,0.09284135072571492,-10.596285842119608
0.20570063548703382,0.07108454637823926,-10.57411700231283
0.1490714851746784,0.047421180007583816,-10.558345235949034
0.10786754367810997,0.029817457328774385,-10.546876586465984
0.07789724308744972,0.01668878295896809,-10.53854006906481
0.056102028655722294,0.006887494635689608,-10.5324818263839
0.040255348567271323,-0.0004387573712658242,-10.528080773827593
0.028736842644146925,-0.0059242338653601075,-10.524885117867695
0.021600688273767498,0.001341516338636775,-10.522085333458547
0.016368107959464237,0.006669294829342349,-10.520028398019868
0.012530980096386741,0.0106227094371956,-10.518519428680722
0.011244953004574417,0.005201223558510286,-10.521119155011414
0.010542161085562538,0.0013408697021986926,-10.52335626142856
0.010033017557779859,-0.0015861424872447016,-10.524913552902156
-0.0022524775230456182,-0.001169385154925735,-10.513001204689328
-0.011539591883932698,-0.0007818328268957811,-10.503878222303651
-0.018668921683592094,-0.0004231859504566973,-10.49675806895708
-0.02421623824887932,-8.733902603098572e-05,-10.491110196630066
-0.028599493510243025,0.00022969778222833555,-10.486549402673884
-0.032123619197017304,0.0005306969117943841,-10.482794496562555
1.3412554866524922,0.7039330569736322,-11.16250136700617
0.9880190724135292,0.5147977010083085,-10.99158995793645
0.6943161351860334,0.3880104954392012,-10.853013965389575
0.5075856853230176,0.28393086542966467,-10.762855615495445
0.37038299699816457,0.20707707006970694,-10.6960217318313
0.26912077006658863,0.14714284083058468,-10.647331306826603
0.1954113562032444,0.20226064186932416,-10.031563922012102
-2.6427184735168763,0.2480212167792745,-10.111449941744874
1.3317151659653383,0.1625409048887207,-14.580195555051645
4.2268196209745,0.08512855835576731,-17.837482180129616
4.590936513517559,0.34946842020169083,-16.311495625650323
3.538194107786205,0.27468069788510363,-14.772525060152141
2.582433150771373,0.20159319739843867,-13.622500585418639
1.8836122901967787,0.1425128351721029,-12.783166799227073
1.3737529091966572,0.09893663031320483,-12.170666354760352
1.002165760015609,0.06860825693775924,-11.723850600046529
0.7322273696855361,0.05563444666112985,-11.39715449528021
0.5340318424082152,0.03862160786725843,-11.15880020768318
0.38946025741948365,0.02426321700992332,-10.98539130369527
0.28488034746219215,0.023760018809233743,-10.858144006093845
0.20754057158934275,0.015243621858660468,-10.765406057192395
0.15126506105297974,0.007025642110009063,-10.698302750376115
-81.84876223747727,-2.0013501850257613,-45.0317552344246
-245.60092655900186,-0.5211415357989422,-101.42338057200904
-190.10773903906747,-0.3498763325953391,-73.04967354296144
-299.7102411473064,1.2849812397071938,-119.70130006266174
-234.30871214155098,1.8472724211934923,-89.06462558924812
-175.09449791059896,1.4951086140208343,-64.98170456813413
-127.76288852662695,1.0947217985556055,-47.507634866786084
-93.25008277425233,0.7990365324322313,-37.50913415532367
-68.05831329819611,0.5829493698024335,-30.216075415448937
-49.67197540780889,0.4252719147857027,-24.893734110788174
-36.25279281530817,0.31022977175726196,-21.00930956905993
-26.458883145037387,0.2262969343504094,-18.174296497512948
-19.310858919405824,0.16506299904027827,-16.105184387580813
-14.077227652586785,0.1079824873113924,-14.603516998813225
-10.252879568991448,0.06433598706117521,-11.376400982220092
-10.33029722973774,1.397748726875902,-12.644714807180828
-5.907975582483836,8.028471925000288,-13.19904382274608
-4.312557483563825,1.2574230916109803,-11.26549688031417
-1.483779076555415,3.2821215114098083,-11.2447099247821
-1.0848264783364634,1.8231770289021065,-11.241826163590716
-0.7936172697965992,1.3265973752678644,-11.044839200758657
-0.57804981519403,0.972823703629579,-10.901699983582231
-0.4208920133316215,0.715193774312521,-10.797149362259278
-0.3075865064302283,0.5199970051106855,-10.720882211090602
-0.22481674235463817,0.37555185662063384,-10.665803276416392
-0.16458152006377755,0.27046206705612086,-10.625516911227294
-0.12053788500462186,0.19522408559782065,-10.595603411162033
-0.08838739732675824,0.13870615494516228,-10.574309354259933
-0.06502882545270464,0.09749558580492457,-10.558718686935498
-0.04744438964348366,0.07113202561497062,-10.547030053657393
-0.03426300550228027,0.05140091007609085,-10.538655184728913
-0.02501531951216039,0.037496536907537556,-10.532373620786991
-0.018266234564659003,0.027356237970971933,-10.52778763132183
-0.013338659350990534,0.01995840587333445,-10.524440913854281
-0.009743897414602812,0.014555102332538521,-10.521998137810568
-0.00711353139002371,0.010622828655908193,-10.520216577443856
-0.005199878632381576,0.007742389219448309,-10.51891508049025
-0.0037969447714849714,0.005650748563340621,-10.517966372916996
-0.00239612298745255,0.003617131890823537,-10.517446051283235
-0.0017517768851625776,0.0026382895571947966,-10.51689386171547
-0.0012795686262831525,0.0019263459057819367,-10.516491248673276
-0.0009390161084234518,0.0013924482295154836,-10.516197748105114
-0.0006871085317008343,0.0010159673857149216,-10.515982951185658
-0.0005022620701589224,0.0007424008150056048,-10.515826365460514
-0.00037153128466680313,0.0005283249343775131,-10.51571241181621
-0.0002727777423775481,0.0003852594189905937,-10.515628653700817
-0.000199714202541553,0.0002820549896598992,-10.515567707604234
0.0002298969679463928,-0.00030113662424607456,-10.515695202969221
0.0001652783279902513,-0.00022152797754568904,-10.515615783721007
0.00012003567473617218,-0.00016095856838901462,-10.51555822288395
8.723576829694135e-05,-0.00011653484751824424,-10.515516229036768
5.904829812025043e-05,-9.862799137706727e-05,-10.515485905480134
4.1793245666143865e-05,-7.237660344879099e-05,-10.515463181769444
3.0180189038523586e-05,-5.199497928219974e-05,-10.515446785061622
2.1825299894949343e-05,-3.7024270036321445e-05,-10.51543481692169
4.074715170819155e-05,-4.1131804142340576e-05,-10.51544053187726
2.8319767407558904e-05,-3.079612755374145e-05,-10.515429927644188
2.047026537273398e-05,-2.1701786001455465e-05,-10.515422434133782
1.4882977935755712e-05,-1.4930975353949564e-05,-10.51541697117807
1.0841059387489977e-05,-1.0006984300922604e-05,-10.515412969020348
2.8514636540594297e-06,-1.3517208755702433e-05,-10.515408866643451
1.624613055950904e-06,-9.622174723799763e-06,-10.515406911115852
1.2268061940510292e-06,-6.168224476941771e-06,-10.515405569338597
1.0021573778270455e-06,-3.609505840580103e-06,-10.51540458374337
8.644613410276689e-07,-1.7671431870553039e-06,-10.515403850362423
-2.6347195137115476,-2.3978446053110782,-7.18109815846873
-1.9227967637765864,-1.6702671379344265,-7.721640285106241
-1.4045743305664453,-1.2136299709609368,-8.437747919862444
-1.0257987938594901,-0.8880490196640689,-8.995204171191293
-0.7587452308549671,-0.6481923831615326,-9.39544110655907
-0.543654868410695,-0.4730301245977331,-9.708148151266965
-0.38598510728893043,-0.34416854648684125,-9.936951613177207
-1.0050967794266994,-1.0102041531970853,-9.276780717052914
-0.7354777783041841,-0.7378573610740269,-9.610286464098179
-0.5352885286485396,-0.537395093701822,-9.855204509558346
-0.3736848099746708,-0.4051962706334758,-10.040016401539233
-96.55989876362928,2.608543236385497,-53.06777730503817
-259.79233471881935,0.5801632009678146,-89.74893786002781
-532.906577922269,-0.9665123037680714,-138.89100289157568
-519.8953816118996,-9.334956808993386,-163.03511983154405
-425.4451835101094,-7.972460852551359,-108.53947528671358
-311.21872422638006,-5.638405039459938,-86.0636645061754
-227.13964878114245,-4.115141781285286,-65.65098689757075
-165.7768416981832,-3.002787310074338,-50.753362938435835
-120.99127291741743,-2.1912694827128485,-39.88234748275282
-88.30472150956861,-1.5990981812145026,-31.948612612939773
-64.44863504551319,-1.166952230808111,-26.158290282937976
-47.03742068927183,-0.8515832130189567,-21.932268076182332
-34.32995728921562,-0.6214358986488463,-18.84793260999659
-25.055496849937885,-0.4534822717781879,-16.59684915571706
-18.286591750211038,-0.33091659814548013,-14.953909474386688
-13.346350193052356,-0.24147410101681455,-13.75481981825634
-9.740746996536732,-0.1762040177489198,-12.879671413656569
-6.907736354215167,1.246732415742744,-2.458410339297572
-5.722159483792687,-0.7215426791516177,-7.515742529892594
-4.170545022964568,-0.5313992871381091,-14.445652112684956
-3.043267259950935,-0.388446308442811,-10.503257663464286
-2.22185109089289,-0.28331902312373924,-7.715589506756354
-1.6217054501942887,-0.2068823619627677,-11.99098024636113
-1.1660655521170096,-0.16356874470589908,-12.478454087668826
-0.8287327760543649,-0.13436602625953645,-9.351402318836922
-0.5833898980084399,-0.1117258663033621,-9.979317492075577
-0.4032556257154401,-0.09533484394892448,-11.108011825184274
-0.26905004695686696,-0.0847612641601024,-10.403380213367262
-0.1707085439199041,-0.07691506622068557,-10.385618213486586
-0.0980037495829531,-0.07159526107445217,-10.471558479611387
-0.04379354154444098,-0.06524235888579501,-10.495529996133742
-0.01272421930420059,-0.04795824113028965,-10.510205383698672
-0.011107238893004513,-0.04170577050118065,-10.622537528950394
1.4675593354302963,-0.07684265032513715,-11.001509970933306
2.5447641501647436,-0.10461533128944217,-11.325392048480916
3.3273165715106763,-0.12614241082720204,-11.599147255073783
2.427798266101493,-0.09244726618333901,-11.306279557040138
1.771852033596791,-0.06747214034983583,-11.092612171438049
1.293170146578807,-0.049220590966798074,-10.93667432745445
0.943812759236053,-0.03590529492910311,-10.822864792154425
2.339290024219901,-0.044803079903899846,-11.268964254827623
1.7064152219067679,-0.033105724623452966,-11.065176437515907
1.2453311248028411,-0.024157560756680727,-10.91663252975215
0.9088908739389157,-0.017603291980952895,-10.808235133204239
0.6633496211287282,-0.012826562936558171,-10.729123784787497
0.48031172574685566,0.025618985703250288,-10.669878241018026
0.3520802301288025,0.019039575139100415,-10.629384669872886
0.2566887430440453,0.013811605352749137,-10.598530835377996
0.1873181685136745,0.010106946290405467,-10.576066608801336
0.13671303285034875,0.007401723279718095,-10.559676319931617
0.09978110876802052,0.005419999790713281,-10.547714772820141
1.7223658018322052,-0.014761602709362033,-11.097024222345617
1.2561708242155682,-0.011174123589879018,-10.939692642234593
0.91672547800696,-0.008149328681239347,-10.825049018970553
0.6690610827116563,-0.0059189502980463,-10.741393139785838
0.4883121024247029,-0.004298270447282093,-10.68033922936424
0.3525329684202243,0.03185291199693084,-10.634259884437647
0.25885214748622765,0.02358560378736338,-10.603400824833576
0.18865123421482827,0.017131447457446325,-10.57956735739002
0.1376625937992902,0.012530856731958242,-10.562225979654855
0.1004729404630975,0.0091713899522957,-10.54957452384353
0.07333211960484175,0.006711978978021638,-10.5403417546247
1.7026560369985593,-0.013925674124948271,-11.10412609640124
1.2417960023593313,-0.010563294986112866,-10.94487832311689
0.9062359475220356,-0.007702360345731803,-10.828833691972505
0.6614061309974151,-0.005591987286581938,-10.74415510486287
0.4827257642617285,-0.004059141706470868,-10.682354778673083
0.3634471773734079,-0.023411588813675492,-10.640352256377792
-3.1078534954669244,0.0643988848644366,-8.512067550660136
-7.0991772658819485,0.4299395384161264,-8.299192960843436
-5.147437225582166,0.3068150248076963,-8.90537978417421
-2.1163340786509552,0.20422088523648957,-10.117137108153186
0.09573279263537904,0.12756222634354702,-11.001645474221277
0.04485593924055001,0.08385977984452249,-10.854294009471165
0.03294518857352863,0.06097759732428275,-10.762970759079286
0.015294609607977919,0.04264027761264377,-10.688072305992682
0.0019561964960290584,0.02943639372371982,-10.632818363548939
0.010843190826434297,0.022910883195249657,-10.609947969602404
-18.846016028032412,0.39134770491745546,-6.707054092452404
-18.568206653402495,0.10143797350112527,-4.320364124903507
-171.56905819105071,-5.460684151262608,5.631733046395705
-132.34880106155447,-3.8406605916610377,3.715835459589183
-131.76348796239978,-3.763900458313743,14.506003584180977
-154.04008555647096,-3.0441354114427783,30.925565095406032
-115.03929237009105,-2.167057206724249,24.6319523243164
-86.46754961326059,-1.4853879060120283,19.514729102342287
-177.1838222288092,-0.6752869743061166,43.35013133209003
-192.7173300590833,2.4462146895439205,56.05131400590954
-137.21978574146414,1.8030452805717587,39.02048220522671
-99.06973739711523,1.3134992107741699,26.091419412809984
-76.07758218499136,0.9994670357810693,18.92728606068956
-52.83851112504587,0.6744776052587418,7.868238796588676
-37.4390935376067,0.47247402013809237,3.2787670248940026
-31.140823680147516,0.4278209050107046,2.292263647713863
-20.03629600115838,0.24856713977151254,-4.28567069619146
-13.498856725730796,0.16172482303791982,-5.591119066515499
-13.668336618638653,0.2018339943952059,-4.180564147807329
-10.568987114550085,-0.05107227176044141,-4.695708691106122
-3.520615995794909,0.08856175126893956,-13.07055266260425
1.3162588874966925,-0.04118312592580667,-10.047507704322403
2.1009372782364215,-0.05286679961493498,-8.215173581371646
-2.365412486465133,0.05308354725028438,-11.363471072134589
1.3785623152481032,-0.029526787985542154,-12.045930623092747
2.2322090677132502,-0.038367685498084024,-10.364571678835551
-2.2999710774924704,0.059971767907313865,-10.107744111734371
1.3257986146770042,-0.0291248327788109,-11.120601682308681
2.0225648986156175,-0.038344007040269364,-10.811850109212974
-2.4793358082541186,0.05957718049193609,-9.545112741861386
1.0831420171590498,-0.024318665044980932,-10.546066887042478
1.8343272741668937,-0.037058710645156354,-11.00193009527184
-2.5933675128676272,0.06033686962732593,-9.651644447338501
1.0012710266627924,-0.024011826179697576,-10.654023979237403
1.77431304492124,-0.03683081657728624,-11.077111747923137
-2.6374368267604167,0.060464606865145175,-9.678964616139583
0.970152311897424,-0.02392770105415757,-10.690098358839618
1.7493626762491572,-0.03680561921420589,-11.122353445711195
-2.6558524694784533,0.06044919049732392,-9.687620997154506
0.9554246231026031,-0.023914565724560008,-10.688755265330867
1.7361291290646381,-0.03681883945267128,-11.147967575298148
-2.6655601297978144,0.06044995040975133,-9.70121884626218
0.945832918791075,-0.023888378930587748,-10.674618707096784
1.7281010461731476,-0.03679674675167345,-11.153321462898209
-2.6712788303097224,0.06051429532889309,-9.72091142584452
0.9397382935255063,-0.02383971952435371,-10.666256731989664
1.724637306526375,-0.03675386654179651,-11.142453301962309
-2.6735896788506666,0.060587254625902545,-9.737058311274792
0.9379345153598213,-0.023803070377834093,-10.671795140587808
1.72545434398417,-0.036713414104715125,-11.126422294132158
-2.6728683985959334,0.06062941510607128,-9.740754951312638
0.9400644251273174,-0.0237973263284202,-10.687382919501916
1.7287495825705088,-0.036685054416159324,-11.117362501358238
-2.6705027649373747,0.060640370770407806,-9.731325662501972
0.9438920415888803,-0.023815385104610065,-10.702058893197288
1.7317639823079367,-0.03669097955852124,-11.1210494475709
-2.668455134937657,0.06061206615821568,-9.716595565639246
0.9465185017158491,-0.023848657502931178,-10.706221730098173
1.7323718113918851,-0.03673449100969052,-11.13393225735988
-2.6681729916823294,0.06055553077730065,-9.7070578353146
0.9462107540408353,-0.02388009420680892,-10.698127501957066
1.730326433419553,-0.0367775346831885,-11.146530459396548
-2.6697339656931063,0.060524922376097155,-9.708672922930726
0.9434247394688802,-0.02388451118605877,-10.684401734387453
1.7272369571785404,-0.03678457848233748,-11.150421910603784
-2.671919801549489,0.06054952866490406,-9.719322534176845
0.9402710098044147,-0.023861470524429794,-10.674819839657658
1.7252837800920262,-0.036762762195278444,-11.14381931402991
-2.6731984974425997,0.06059953754516812,-9.730998188891805
0.9388992204862912,-0.023834964157315973,-10.675437731269987
1.3438194876258658,-0.031920018588264105,-6.423159629797868
1.0460360054847844,-0.02274950318564152,-4.491284572363128
3.4174323921980783,-0.07003698215156712,-9.105850316975292
3.5954628321115125,-0.07217600144219229,-9.04779685299893
-1.2022220673937287,0.030809241723312064,-6.705544982164234
1.820332640077413,-0.04102906359938817,-10.851127925172532
2.4561945919915193,-0.04974611375822868,-10.38376225745217
-2.0319372514865335,0.0467583635781301,-7.681637686321521
1.2138019367199182,-0.028929533581722816,-11.561176359937319
2.0136454527178977,-0.04102244569274954,-10.90225366709724
-2.354757781310733,0.05268520556042114,-8.060774309326558
0.9778781466218134,-0.024055986164813206,-11.836890057235125
1.8415885930410054,-0.03757257340719479,-11.103760280083945
-2.480147510805363,0.05476088805795187,-8.208562222875837
-30.410713840467885,-0.08569678263253983,-20.75200975003912
-74.05512687081811,-0.12915342143968672,5.294559595056654
-304.6979643187942,-0.6578611262732263,-95.26520740449392
-400.3487701233106,-1.0474266152953489,-132.46956575413137
-303.69669636520837,-1.6905798367708456,-100.76095402764095
-221.77045387140157,-1.2407102851560845,-73.80815187950074
-161.39681437216223,-0.8654757482682887,-55.107494306058626
-117.60782113410069,0.6230683156797772,-41.676576454242394
-85.83622856880045,0.4548008121447422,-33.25675612889442
-62.6471145776622,0.33170707630251317,-27.11290228933128
-45.72261785734875,0.2418905326624548,-22.628947342698762
-33.370374618043385,0.17637660096592034,-19.35637225930041
-24.35516678046045,0.1285938539396555,-16.967909147294584
-17.775473699200134,0.09374595444942518,-15.22470852354022
-12.973325846756596,0.06833342496049563,-13.952447887947944
-9.945461444946396,25.939240879657984,-12.279886360241207
-8.369256462756738,8.196337175681155,-13.81433364381388
-6.106276129130505,12.579185906276727,-13.164440425255496
-4.456809953001751,5.511951799657292,-12.076002030241154
-3.2537512682660057,5.474172198299955,-11.717650895381396
-2.3748080337436592,3.995271566373826,-11.392712229486314
-1.7332515015233891,2.916030615979518,-11.155666090928452
-1.2650059468602546,2.1283454220943203,-10.98267751201778
-0.9232593686905005,1.5534406506249354,-10.856427656035097
-0.6738377780970176,1.1338347445903894,-10.76428775926565
-0.4917989925401656,0.8275756109757697,-10.697042138971701
-0.35893910570118315,0.6040443044976165,-10.647965020406023
-0.2619721165412152,0.44089332241840884,-10.61214773409579
-0.19120132390122777,0.3218121045983677,-10.586007784760525
-0.13954965343964099,0.2348961876911843,-10.566930563058998
-0.10185194873905859,0.17145692952503477,-10.553007854854641
-0.07433845422488711,0.1251527819872435,-10.542846995926197
-0.0542578386196088,0.09135524726525646,-10.53543158640377
1.608240221685702,0.04509808220845918,-11.156838794674247
1.3464027362134967,0.054326446050185176,-11.004045804585834
-2.3483870666271733,0.07412509055382079,-9.756232336587786
-5.0509281230746,0.08567528342629246,-8.840908821165117
-3.688821560959172,0.06098876859537951,-9.292751272113916
-2.6924963703579987,0.04439885679706977,-9.623011075873286
-1.9651231836466305,0.032424407929376356,-9.86409117496998
-1.4342334837015172,0.02368699227157904,-10.040045966574501
-1.0356105544645877,-0.0031662510727417555,-10.17158295151002
-0.7290662392427525,0.010198320537404302,-10.275665067637634
-0.53242751714614,0.007325359913021841,-10.340348453021159
-0.3886163206048297,0.0053756447849374715,-10.387631372824192
-0.2836286613915201,0.003952787552044009,-10.422147650604023
-0.20700212718484684,0.0029058815844420077,-10.44734021143457
1.4982643437817191,-0.014946310227600353,-11.071102028455396
1.091266498165417,-0.01192626386520372,-10.920382959819403
0.7962539001704338,-0.008756520654004313,-10.810922690190065
0.5811255441567523,-0.0063587467667423625,-10.731079752993704
0.42413273849467276,-0.004613230314155797,-10.672811508603226
0.309553377555646,-0.003347415046338225,-10.630285611654008
1.6808585674899292,-0.08729684474948626,-11.09438065737306
1.225338651105003,-0.06443461035616985,-10.9375829459428
0.8941824339337563,-0.04704022276595418,-10.823495048520375
0.652605628210106,-0.034299185573191865,-10.740257286808092
0.4763028630244839,-0.025007160963283412,-10.679509793558513
0.34762956746942975,-0.01823314416934702,-10.635174265692168
1.905847362809506,-0.032899999223155084,-11.199708178619993
1.3901299914158096,-0.024418597078164288,-11.014620673822275
1.0145024404779104,-0.01781195435504636,-10.87973231952237
0.7404251946870624,-0.012967686344610437,-10.781302760581175
0.5403979353237522,-0.009440228624580395,-10.709466654738563
0.3944090396685488,-0.006872961789953764,-10.657038057988357
1.7439945036552125,-0.05855662702140796,-11.128024463001454
1.2709973731876318,-0.04360828596446033,-11.57824641682927
0.9280865081068148,-0.03155984304839356,-17.411767737097637
0.6780895159611632,-0.02266364048623973,-13.992230723630648
0.49449086382220875,-0.01674248194912134,-9.670385643413471
0.36067036954585624,-0.012300691902947348,-12.602198073211891
0.4427913616963106,0.021894450957736847,-13.588199706614654
0.32292981370682095,0.015216196922160929,-10.0816990377056
0.2353777891555443,0.011027250702161045,-9.964830749991728
0.17287423825909948,0.008652547892509665,-10.983918288623842
0.12626511455457648,0.006390205590434847,-10.573439333729599
0.09223136842301204,0.004721925540721417,-10.557801078630574
0.06732602250534814,0.003467498282273299,-10.5463505979121
-3.247885409139331,0.03715310197503836,-9.673303898049335
-2.361330301427207,0.030391017015513454,-9.907100778406926
-1.7136962120964672,0.026215938416883,-10.077747774011524
-1.2412068845490627,0.023219716964300814,-10.202151023289264
-0.8962413102559657,0.02096293446753077,-10.293065061534215
-0.643851043361894,0.019582263835347016,-10.359725654709479
-0.4835758961651123,0.009262364237251249,-10.391142107516885
-0.36608940655340405,0.0021852833163920615,-10.414296787538225
-0.28098057696591744,-0.002766174789358542,-10.430496245982946
-0.21947874204828066,-0.006184609952630404,-10.441649341731159
-0.17517725487795147,-0.008494559527915321,-10.449151716070842
-1.5416363960853856,-0.9592012317139791,-10.465370983053573
-0.8998260633560871,-0.5695365082238348,-10.623680539592833
-0.6566127275302049,-0.41816273479305366,-10.594557529419244
-0.4792481229252986,-0.30566446408203174,-10.573170080640518
-0.34980399930218753,-0.22331059452837781,-10.557551185057322
-0.25532539799656956,-0.16314280111074228,-10.546153837999633
-0.18636663667876008,-0.11919382874505255,-10.537838052349617
-0.13603421806875662,-0.08709104694713789,-10.531770866683253
-0.0992968022983351,-0.06364002081308126,-10.527344365908517
-0.07168471317201953,-0.0393115510827286,-10.523712282622416
-0.05301526157119517,-0.03606858460529735,-10.521928175630366
-0.03663442739699121,-0.016737113880007516,-10.520351320703734
-0.024940332398587624,-0.001993534202075568,-10.519111362402597
-0.020292252433667494,0.010169262295603658,-10.51722000960993
-0.014570320393966548,0.00739542388510004,-10.516935239183725
-0.01061970083018942,0.005389301372121867,-10.516543151465529
-0.007752521529700742,0.003927515250452828,-10.516238321751665
-0.00566094407583396,0.0028622350690261046,-10.516013782191624
-0.0041342716480296604,0.0020859168641429848,-10.515849651347127
-0.003019844021429746,0.0015201943070218475,-10.515729803875278
-0.0022063156075559013,0.001107950773242434,-10.515642295440184
-0.001612419151475949,0.0008075570923232914,-10.5155783902515
-0.001178837104007314,0.0005886727776175455,-10.515531711123675
-0.0008622730130529241,0.00042918566164828987,-10.515497604008056
-0.000631124284602843,0.00031298081163015466,-10.515472672498083
-0.00046232382118646144,0.00022831447754721417,-10.51545443805155
-0.0003390346312401219,0.00016662846517345742,-10.515441091895232
0.0008420952293103984,0.06627277092942314,-9.590932545055812
-2.778033152829221,-0.14106236232308605,-9.766617169340888
-0.6579259769989751,-0.15253221260058605,-10.602309965388503
0.9879494960650517,-0.15883134437843638,-11.279971683909839
2.186735008914506,-0.1652539476358616,-11.773866740912915
1.5937803740129555,-0.12202892941048367,-11.433377583406736
1.1630108690174286,-0.08914784261377262,-11.185353454835083
0.8487977382556822,-0.06504321204008809,-11.004358789162543
1.7941093319983532,0.02964749245986298,-10.99850433903591
-42.51347003001697,0.6050737953607452,0.43548536374252933
-148.63842503093704,2.5658200094067136,18.261246137746102
-222.334475176708,4.199802281929033,41.395108405594286
-162.19205256688016,3.0635107249818425,29.884681598223708
-125.17416611596886,2.3987682856341257,21.313541701575417
-92.98748750497512,1.6058368492615784,20.950320722696578
-66.82265894303403,1.1478857379195149,12.997812536219481
-52.60742548990162,0.921127759552517,9.385317749760336
-35.70247053969662,0.609249432531566,0.8887107334866666
-24.932514079595087,0.42482184920180194,-1.8146725756983142
-22.012899642979136,0.3935572016238787,-1.4249975719165755
-13.374501981045004,0.22334945110460142,-6.998807784271176
-8.636616361183687,0.14328136452040902,-7.571270116836662
-10.104223168640562,0.18775408728203483,-5.379800786289765
-6.613886283161391,0.011968440662252278,-13.697466202029894
-5.50200155240509,-0.21641962879412346,-11.91775380773327
-4.069206409819318,-0.16510671960827675,-7.953858838907556
-2.9711644160287256,-0.12067439648388398,-10.881173365056314
-2.168050116488459,-0.08768115815021413,-12.694773771754619
-1.5822794979654833,-0.06383611201709566,-9.69434197243493
-1.155172211772309,-0.046590073047722017,-9.37068384028214
-0.8430415954528473,-0.03383746968733263,-11.353852056121795
-0.6151682935384821,-0.024564508516640042,-11.003958639567157
-0.44902303114217845,-0.01784375247263593,-10.871891314079692
-0.3277058753787543,-0.012959141610503322,-10.775573344187434
-0.23917629273683377,-0.009409969669950426,-10.705280025974131
-0.17456494949388585,-0.00682895874180154,-10.653978701985432
-0.12740886757702463,-0.004952423319467264,-10.616537974442194
-0.09299224115872678,-0.0035886194188645875,-10.589213033331765
-0.06787340266411886,-0.0025979075240343636,-10.569270837829817
-0.049540489480419087,-0.0018785927255238403,-10.554716738050942
-0.036160237713719956,-0.0013566286069562625,-10.544094982124518
1.4220694136623406,-0.060469473100910866,-10.960403562479714
2.393716615458886,-0.14028594910718065,-11.282819359642989
1.7457133187411644,-0.1045005476853264,-11.075617388084828
-2.06359942806823,-0.04409767659654423,-9.719527683666177
-4.846484365457471,-0.0004977765046057722,-8.748077054350302
-3.5379374932939682,-0.0008431664420212554,-9.225392035532568
-2.5822158292640722,-0.0006221558747085892,-9.573884492733866
-1.8846207110162831,-0.00042956724984335613,-9.828240079717421
-1.3754786177126939,-0.00029433953531296086,-10.013881123650755
0.4535549645593524,-0.08677553815331403,-10.685637772473754
0.32952185718679194,-0.0640382216728075,-10.639282917980163
0.24036383743730957,-0.04675424186530691,-10.605786310332931
0.17541656886981247,-0.034094257452839595,-10.581365165005485
0.12802725001629167,-0.02486040401196502,-10.5635442146183
0.09344104526960513,-0.018128005923794408,-10.550538251428089
1.5254378862785754,-0.0671120012326058,-11.085530487835793
1.112780308168141,-0.04920458865541376,-10.931383128842777
0.8121043583220853,-0.03589254316218575,-10.818991438033231
0.592706563809249,-0.026168044818715076,-10.736973079941661
0.43258481771053603,-0.019078312188783607,-10.677113756111112
1.9662198610461574,-0.030974093692018735,-11.202776204866625
1.4326978907192947,-0.023595419927844787,-11.016513388434074
1.045432400740281,-0.017274234980668466,-10.881087930999485
0.7629841710153369,-0.012578467829314328,-10.782290331943
0.5568600432410709,-0.00915512179605597,-10.710187566119654
0.4064228938047193,-0.006664041619883964,-10.657564520661225
1.9495257418256502,-0.02351826136913638,-11.192262296697198
1.421966543842278,-0.017559483450092308,-11.009199793477658
1.0377311002352163,-0.012808597353343092,-10.87577814622748
0.7573763830897376,-0.009319351065703698,-10.778417476421627
0.5527684898816058,-0.006780033982568266,-10.707361239009833
0.39954285152999797,0.030074582222635787,-10.653945591162904
0.29637635474121365,0.023148054982347167,-7.984343467946877
0.21598846016252438,0.008784627781522792,-8.38525276050103
-0.7917414768346165,0.744241928584386,-11.279739485187555
-0.6828509618069825,-1.365331777519931,-9.518848278779746
0.707660972788384,-1.5782093165250146,-10.834375189526323
2.158396029630728,-1.2700866600139287,-11.516080917558366
3.0534965526399636,-0.9705894820697083,-11.951477697531484
3.5766187536616076,-0.7630500680224281,-12.190849716168763
2.6099118252804145,-0.5572008255458886,-11.738226802456188
1.904785377367767,-0.4066424337056031,-11.407867960950355
1.3901966348405934,-0.2967458886625623,-11.166759878157393
1.014630661604689,-0.21654918962889713,-10.990790055924345
0.7405253058960337,-0.15802685973965763,-10.862360217621717
0.5387487500940521,-0.11587526061572581,-10.768525793614922
0.39303307152550926,-0.08456885680001837,-10.700107427363198
-28.96663823083495,0.6335491859127921,4.917043775244299
-322.98048668210055,0.9324805710953052,-97.49366794709098
-425.14241018193445,-3.0136688197582475,-164.88634247066116
-428.3634870373973,-2.5303285141558356,-170.8341101676217
-345.52008268415506,-0.3894964059247106,-131.416888561649
-251.1330437732493,-0.270395797519847,-98.2174142615915
-187.13962384518874,-0.17429224914415514,-71.72595520662617
-133.94106111592166,-0.12444360418638614,-58.17763613880921
-96.63063982842928,-0.11146155152323685,-44.91894091429709
-74.350589752916,-0.0002384232710299916,-32.887637674557915
-51.56757987933483,-0.0628307620270928,-29.95795966076763
-36.50846902525476,-0.06578567898923626,-24.32874676408084
-30.470118259523034,0.03538566652587663,-17.85881793725028
-19.54139971552774,-0.03787759322733339,-18.99026346602265
-13.134488227487115,-0.047462858703712564,-16.323770499663418
-13.925793270333026,0.3132489827705475,-13.507739026764012
-10.185051070832204,0.2096343714063106,-17.166912881314225
-7.433726819933824,0.1531978002606565,-11.1498404627146
-5.426354324860725,0.11162703738948418,-9.435124233252603
-3.9602185887140258,0.08172911035984179,-13.706467563787822
-2.889780303419004,0.05996786444792035,-12.64467573837374
-2.1094569435978996,0.043731270570520175,-10.110135600040831
-1.539837093718985,0.03191059081089629,-11.211111573095383
-1.1237244509550834,0.02340068487214339,-11.820756080639448
-0.8201018867820832,0.017133831220514813,-10.652077416100196
-0.5985030879412028,0.012565554725795184,-10.580137957817158
-0.43682928173816576,0.00920199556138554,-10.623260400359252
-0.31882274873530975,0.006741724651923321,-10.594099002053785
-0.23269619001534603,0.004942236910662692,-10.572835489560317
-0.16983777317726487,0.0036250930972091754,-10.557319280033282
-0.12396093025799504,0.002660660688431742,-10.54599558259587
1.5716655730425955,-0.012973916479677867,-10.87248568932021
2.8086341218541198,0.024855307188199505,-11.164077946102697
2.046691362223724,0.010706265199665166,-10.98872192691091
1.5290682568938578,0.04877062154181663,-10.92553743827185
1.1490776365659767,0.07544634254672702,-10.827602601737583
0.8374075597017789,0.0542536537426338,-10.743039401341584
0.6110554567530783,0.03956234365107639,-10.68152552398044
0.44596187531471704,0.028898259852951615,-10.63664556911417
0.32548025307472567,0.021111553110627727,-10.603891733460001
1.8932086760430469,-0.0016510802421212598,-11.110807706543548
1.3793436324667878,-0.002206745241833096,-10.949365042264219
1.0064832389999636,-0.0016675728560648488,-10.832079977315137
0.7345537472859998,-0.0011898987768838372,-10.74652343929116
0.5361074819803193,-0.000844429667645576,-10.684084611011203
0.39127420790054857,-0.000599337472834577,-10.638514679179528
-3.0156748707091685,0.034264858068709464,-9.43393907336943
-2.201678820218591,0.024705271375883468,-9.725944084069312
-1.6069499333342652,0.018043509887383027,-9.939206997523343
-1.172828310884491,0.013196703227116278,-10.094868343766485
-0.8559814556116896,0.009652039719830592,-10.208478281277863
1.0299880129655394,-0.01003067038205882,-10.851344566045785
0.7493606815838831,-0.008313993219828139,-10.760014515201723
0.5466985621697078,-0.006122921275690597,-10.693884167446047
0.39898453389152505,-0.004440722376779706,-10.64566149890303
0.29119575350978555,-0.0032164610517289283,-10.610470513816486
0.21252816980318187,-0.002330167857857576,-10.584787273418744
-3.144731014912886,0.03324580422302686,-9.410005053425275
-2.295861277041161,0.023963886332397093,-9.708478002638454
-1.6756862893595512,0.01750341822116283,-9.926459090044501
-1.2229938283405655,0.012803122681665533,-10.085563813108676
-0.8925933259430228,0.00936518987989704,-10.201686891616587
1.0028606836435907,-0.010253443799376517,-10.85898776097708
0.7295827819633018,-0.008476531997179472,-10.765585108649608
0.5322673814023401,-0.006240496636596525,-10.69794800038602
0.38845341484018125,-0.004525941618477355,-10.648626795383764
0.2825955080751572,-0.051687626202300024,-9.265172195855516
-0.7223739622861027,0.6683303897824148,-11.805442064757745
1.4364606913868385,-0.1585562138354708,-12.91624688994215
0.3085817069974621,0.2768220840498904,-11.67373125454763
0.2258788616383246,0.20153114926031773,-11.36063735328036
0.16491485154919686,0.14699935553800902,-11.132293245602362
0.12036651286319813,0.10724904491614459,-10.965638865346358
0.08784730984387754,0.0782507436417868,-10.84400481268841
0.06411320551177169,0.05709343492842008,-10.755230496868007
-278.2819276811171,-0.8060517640691786,-59.886699085261945
-451.4234244365646,-2.959262002545092,-107.51344529977376
-540.2365727753631,-3.5415035577255316,-126.772476467452
-482.2453322873522,-3.323606868838258,-100.03343191496612
-351.8089259426124,-2.4248611514103002,-73.27806652114567
-255.08559639370282,-1.7423336449847673,-57.101048665031634
-186.1227850493721,0.2905827367150593,-42.95573417177974
-135.84266331608399,0.20667083558459337,-34.19112608474939
-99.14400377748618,0.15054240599425373,-27.79484664608469
-72.3595363042685,0.10893784205177154,-23.12676770031115
-52.8111786322526,0.07935814632444906,-19.719727059034003
-38.543923010467466,0.05782802909812318,-17.233120596962504
-28.131051970687366,0.042140234128672696,-15.418286968022462
-20.53128071715752,0.030707886390768907,-14.093742233702939
-14.984530597705286,0.022455582228981183,-13.127037041834939
-10.93635674689816,0.01635716078766236,-12.421490847811125
-10.665371806330326,-0.12954427996312426,-9.623568345966174
-7.169366478634045,6.358972989297498,-11.03944998177442
-5.2344086697521215,1.1055972598709118,-11.965613082860653
-3.8233947565877036,2.4965375342246543,-10.439904690581825
-2.7891203770709287,1.4543669286352012,-10.297891435518807
-2.0355143973410907,1.0618789497530667,-10.776719435833032
-1.4856062137231074,0.7751123791250463,-10.706097700693961
-1.0842656311468883,0.5657808522551311,-10.654570083357541
-0.7913507044583127,0.41298678914981696,-10.616966658387838
-0.5775685891272448,0.3014605149131114,-10.589523908045209
-0.42154091232216145,0.22005544624432427,-10.569496349569459
-0.30766492976408233,0.16063577614045454,-10.554880426010719
-0.22455309487003539,0.11726330983951802,-10.544213925882069
-0.16389428112903387,0.08560384017951336,-10.536429708886901
-0.11962266573200483,0.06249387033575665,-10.530748964701846
-0.08731114643453555,0.045624378626608134,-10.526603311720264
-0.04399622216146188,0.04843114219058062,-10.53038523453191
-0.03299273694312478,0.03498659691008526,-10.526091716130589
-0.024157723201191323,0.02556737135129106,-10.523181090245581
-0.017635991508146213,0.018706527839213533,-10.521077058340477
-0.01287026528548615,0.01368647146712117,-10.519543946947065
-0.009392712471985754,0.010012425104467683,-10.518425691275075
-0.006855727392157103,0.007323991013752142,-10.517609881656654
0.187077782756161,0.030107510903852046,-10.546791608823467
0.13548008535674264,0.021453841511248472,-10.538037138661126
0.09878204239779884,0.015660088729072603,-10.531897715669743
0.0720874765571516,0.011462423743746735,-10.527438886869898
0.05261271179444338,0.008390922932591856,-10.524187081372324
0.03839919298583968,0.006141687024329624,-10.521814321612657
1.4850815272844247,-0.045517624557696444,-10.905252963618548
1.0824790224635423,-0.03391988857506896,-10.799557631318233
0.789917447554866,-0.024766769631243128,-10.722759755154584
0.5765065355353968,-0.01804260750833043,-10.666737351534904
0.42076034214806646,-0.013142221678125964,-10.625852753336416
0.30709018151571144,-0.009573481377491339,-10.59601400872067
-3.0989683197038445,0.02815553031349411,-9.481627924644265
-2.263655798519857,0.01962316062223038,-9.7603805161966
-1.6522713632669115,0.014294547866120309,-9.964313959157968
-1.2059124178285454,0.010465957464391789,-10.113189284404864
-0.8801267254910684,0.007665479339463421,-10.221848726752798
-0.6423535490345132,0.00561355966465809,-10.30115385773351
1.1834978289267135,-0.012593832891619767,-10.994111285838818
0.8615815970871226,-0.010177116930843475,-10.86420379662655
0.6286215904502226,-0.007476570216549128,-10.76992143106571
0.45877957104371203,-0.005424026947651529,-10.701155620401028
0.33483854247598904,-0.003930807196703507,-10.650971920885421
0.24438182705811012,-0.0028492141271005017,-10.614346473622396
0.17443521369514192,0.032960073706878326,-10.586077672943007
0.1290969204837802,0.024394734533883855,-10.568236139739756
0.09396862084167643,0.017727380434527026,-10.55389725168156
0.06856170000091016,0.01296992097064295,-10.543490217760079
1.536923397859692,0.3258286974876665,-10.192609626193295
2.9770070889838145,0.12368105847048977,-12.703496698108736
2.206376831647437,0.07769224602456307,-12.113103947138303
3.0726408709153024,0.01142704766754872,-12.377704694620013
3.712410270702948,-0.04100366768258346,-12.572507663449965
2.708897049028275,-0.03026362289999584,-12.016657587906217
1.97701405492127,-0.02208335634644199,-11.611075039060495
1.4429081561207988,-0.01609345998454556,-11.31507017309902
1.0641957992174786,-0.03213298323812358,-11.102140494557714
0.7759854631500402,-0.023574316313527258,-10.943552728323814
0.566262704246588,-0.017180734682266025,-10.82786051850416
0.4132753321846625,-0.012515377321969364,-10.74344244963417
0.4896561821551871,-0.010024785995086383,-10.712139222125268
0.3571142519588817,-0.007328408291945343,-10.658942604377717
-265.7120874452346,-2.663870953529723,-71.07126658651863
-474.5659968955789,-1.3555972382212713,-127.23831727107037
-616.68745760823,-0.7934040505207631,-157.156989587226
-604.5953283483811,0.34855402422071147,-127.14513987814195
-495.07766496632246,0.18762946770078834,-87.75077843662783
-445.7037645932695,0.8739213929395354,-63.68210848535465
-431.2156344676332,0.024977407380445626,-58.50295344402971
-316.96000562447216,0.045019221841825365,-42.78038786897251
-231.12002581441976,-1.7317619545850604,-32.614979901696586
-168.68138276570136,-1.264083628065888,-26.643809602160207
-123.1110600485471,-0.9225279753765607,-22.286448671459965
-89.85184548811213,-0.6732401959758015,-19.10639236186142
-65.57781323527895,-0.49130937673226815,-16.785471447687993
-47.861561274934026,-0.3585377974182949,-15.091566448921293
-34.93146474647685,-0.2616430337956385,-13.85528213953437
-25.494514066582447,-0.19093124698931396,-12.952988824365121
-18.607014189096038,-0.13932773195790396,-12.294456504139625
-13.580215141802864,-0.10166929320586404,-11.813831456866719
-9.907963735354956,-0.07269219645458794,-9.094107531630778
-8.08569034110774,1.2977383575661037,-10.351434297646406
-7.90892259792249,7.930290153004424,-11.268368964168198
-5.7699235512578335,1.195540794569962,-10.140170451667386
-4.210580336483849,3.242774937623824,-10.024641434286943
-3.073052865494321,1.7772999748364648,-10.511378161707782
-2.242850648140142,1.2971307390519693,-10.512497971298943
-1.6369317752115915,0.9466652773028161,-10.513286776983916
-1.1947046168862623,0.690886583241623,-10.513859062882377
-0.8719477028619057,0.5042149469763246,-10.514276309614413
-0.63638557467251,0.3679793201699233,-10.514580756185232
-0.4644620337603369,0.2685528837753612,-10.514802919582673
-0.33898471235164895,0.19599044489291345,-10.51496503581722
-0.2474058668138831,0.14303378046725074,-10.515083329227048
-0.18056760631028543,0.1043856891091147,-10.515169640319701
-0.13178610277842845,0.07618017144648183,-10.515232610556827
-0.09618320725074689,0.055595752794443565,-10.515278546695221
-0.07019863410812895,0.04057327568914061,-10.515312051562102
-0.051233931770782684,0.0296099374730625,-10.515336484394554
-0.0373926371970386,0.021608974056372427,-10.51535429683845
-0.02729062907171411,0.015769955472900807,-10.515367278141298
-0.019917715459733868,0.011508721213468152,-10.515376734127544
-0.01453661427869515,0.008398947271070977,-10.515383617790814
-0.010609225034248175,0.006129500706777546,-10.515388624643181
-0.0077428185829782085,0.004473316300254379,-10.515392262245982
-0.005650764161863678,0.0032646821929311603,-10.515394901015336
-0.004123866129202428,0.00238266245036421,-10.515396811285187
-0.0030094444040930715,0.0017389989864658659,-10.515398190322072
-0.0021960664529172037,0.0012692818691611655,-10.51539918210811
-0.001602403942213877,0.0009265056663608196,-10.51539989169586
-0.0011690999323065337,0.000676366541677142,-10.515400395732927
-0.0008528331196884564,0.0004938304216293319,-10.515400750150029
-0.0006219857933213264,0.00036062793984009754,-10.515400995742048
-0.00045348189663955616,0.00026342669409466,-10.515401162281263
-0.000330479491307955,0.00019249719216373533,-10.51540127151153
-0.00024068665770036543,0.00014073913628341014,-10.515401339249317
-0.00017513215241486793,0.00010297114459646039,-10.515401377065933
-0.00012726837248757287,7.541197736379187e-05,-10.51540139336522
-9.231659479625916e-05,5.530244251166442e-05,-10.515401394275244
-6.67890895348912e-05,4.062893572987655e-05,-10.515401384263969
-4.814029260738069e-05,2.9922082174356894e-05,-10.515401366604817
-3.4512426963367796e-05,2.2109705749194496e-05,-10.515401343637565
-2.454951717403397e-05,1.640935863144629e-05,-10.515401317070753
-1.726190269260065e-05,1.2250128415754809e-05,-10.515401288165787
-1.1927305913341994e-05,9.215381717483796e-06,-10.515401257844571
-8.018546128727058e-06,7.001116809893475e-06,-10.515401226728027
-5.150849160176277e-06,5.385532599144214e-06,-10.515401195287795
-3.043372324163481e-06,4.206706351317662e-06,-10.515401163877184
-1.4912075385329724e-06,3.34658680408229e-06,-10.515401132697729
-3.446715361912708e-07,2.7190050582590007e-06,-10.515401101936789
5.053808515509929e-07,2.261076842421083e-06,-10.515401071692455
-2.6680604879773604,-2.3322088639457355,-7.824568666385557
-2.3624151755299767,-7.079180031896231,-8.518454691546783
-1.7265245396465176,-5.155856611752657,-9.024441956005342
-1.2602718618478428,-3.7620603501684173,-9.423779734013477
-0.9198173241170378,-2.745803741468074,-9.718306951388076
-0.6713286740916851,-2.0041643750982057,-9.933585399082803
-0.4899709235441681,-1.4628620659630454,-10.090742535539725
-0.3576085862004404,-1.0677705330869922,-10.205450455942133
-0.2610051123507224,-0.7793940988738861,-10.28917326787593
-0.17244205057585738,-0.5812573623018985,-10.35894529746125
-0.10576325894512462,-0.4374418361123309,-10.410526443422507
-0.055276434720491985,-0.33311394386266685,-10.448886047074287
-0.016956370114995983,-0.25745121417417577,-10.477456517560928
-6.408546852832873,-0.16482804579909593,-4.447807896146183
-7.6532708388914115,-0.12559488769674473,-0.28779037441314426
-10.334960574573532,-2.1202231885230667,-1.0066730932127335
-13.508008743909276,-1.5007197367293377,1.3078801112432552
-177.8492453245909,-0.8059277778940981,-26.242505459034746
-133.82414104520055,-0.5426984584347603,-17.905261501173197
-101.85343480227293,-0.36878444237881414,-11.688485629607591
-77.78951053913107,-0.2857135959338204,-4.330694842041963
-60.066624012901414,-0.170894712888287,-1.6351233815413955
-109.10341340435426,-0.04016396036791256,2.3829463130712356
-82.01296371758563,-0.005434809726714347,1.5449103692733566
-202.904011738728,-0.08717584682433852,0.7023325589192908
-228.6698974114462,0.003478478932962742,-9.129381924312261
-165.0877905641758,-0.055992551809806716,-16.187788441247243
-120.61543382364863,0.018730626078804692,-18.866420980083742
-86.84021902873647,-0.02033864865979869,-16.365982652781856
-67.25097030555102,0.051253662524914936,-12.056510188501218
-46.38205465654542,-0.021943812677253968,-14.747415549214345
-32.721647126455665,-0.03605322993420029,-13.227052070515269
-27.715103210097325,0.05697472151434717,-9.757799438103703
-17.524451767822143,-0.022017497694548152,-13.075978780773461
-11.659907659736401,-0.03593900623726924,-12.007624844767898
-12.343475737645232,0.057596483122823686,-8.867057472156922
-9.479437370028087,-0.08476108075618406,-9.305099958280021
-5.6635499585457385,-0.2345578241205083,-6.558848461417282
-4.13307150601752,-0.17047925429139918,-2.977104467201745
-3.017302341120935,-0.1245834650449687,-4.17853990159494
-2.2005190346357915,-0.0900900030265229,-8.961530707268807
-1.6055272063517738,-0.06550571780028094,-8.643191039124984
-1.1720452355149429,-0.047858446052386844,-7.327575293521583
-0.8556045462389381,-0.034937203127374486,-9.474337606390666
-0.6243070953000186,-0.025400355807253153,-10.419263110208401
-0.4556388112324922,-0.018517369049120942,-9.535898867843802
-0.3325132108568647,-0.013475615761201709,-9.77663244882969
-0.2426935585457462,-0.009816057808584532,-10.037804470207675
-0.177129204006643,-0.0071481486294768404,-10.166810881702295
-0.12927790514678392,-0.005203166089957008,-10.260981483591827
-0.06435475963771553,-0.0021671356956041127,-10.442000359237888
-3.362091721581842,0.01429112545008391,-9.399082053992137
-2.4578604410131275,0.044887030112896714,-9.699313144420033
-1.7597723189714678,0.07291118397532664,-9.946831614591058
-1.2571706223316312,0.06516189856738833,-10.112173507312507
-0.9179158474072775,0.04734822962650749,-10.221047520218782
-0.669971251027744,0.03457089090225102,-10.300563438882023
-0.48897614565829134,0.025254864575257566,-10.358602226141945
-0.35687479566891667,0.01844937024884357,-10.400962171181941
-3.569933799227286,0.04829598405902816,-9.24674580240971
-2.606196873653598,0.0349467451864037,-9.589321633183639
-1.9021828836246915,0.02551841294846859,-9.839492886094252
-1.3883003392994246,0.01865232853080293,-10.022091540311871
-1.0132404761634042,0.013633865333943352,-10.155361538605078
0.9195455468919937,-0.007182381861318919,-10.800629378212678
0.6687786718416813,-0.006232642157139402,-10.723003818104534
0.4878891083786415,-0.004603037353249642,-10.666871469858284
0.356064528707887,-0.0033311564660634275,-10.625945521146416
0.2598724821770604,-0.002406482320854371,-10.59608001421104
0.18966868915943733,-0.0017388987313426863,-10.574283573888264
-3.169019500114828,0.03391191455503383,-9.396625091510025
-2.3135811551904095,0.024452431084583334,-9.698713230399727
-1.6886171688547487,0.01786062126082169,-9.91933160916183
-1.2324299294578152,0.013064143182401101,-10.08036106493652
-0.899478822277321,0.009555897055742994,-10.197888922708835
-0.6603725081317925,0.0420562634740785,-10.282172862721522
-0.4803883983170426,0.031026053556303435,-10.346446851097044
-0.3508786825790603,0.022563908229260195,-10.3920316068453
-0.2561099589715916,0.016495713595653886,-10.42535408655011
-0.18691936554877292,0.012064890002990868,-10.449679259519355
-0.13641915585623604,0.008823589694522196,-10.467433648512946
1.5611260523067936,-0.013205273772706073,-11.05218337123384
1.138539744784734,-0.010040557322008238,-10.90696586506391
0.8308803334800601,-0.007317607515641032,-10.801162768116928
0.6064097352932393,-0.0053082376169005805,-10.723959264380824
0.4425877672006394,-0.0038499029163600726,-10.667614681980917
0.3230231369078047,-0.0027928151539261476,-10.626492467852772
0.23582410676260174,-0.08439865893014455,-9.73474969403466
2.041658332935749,-0.21782847774084924,-12.39625410338334
-0.2244444302082309,-0.35840272554305447,-10.808090747101701
-0.16433070537961203,-0.2616745712294282,-10.727336718138952
-0.11081167885580948,-0.189564303926346,-10.673789261958474
-0.10136176684730704,-0.1621650568009652,-10.623082143219433
-0.07421951561411971,-0.11868602205253903,-10.594118611419812
-0.05421794380138624,-0.08670975711585502,-10.572825652097336
-0.03957548436301554,-0.06333948854550232,-10.557304522196954
-0.02819647309921144,-0.04341645389365305,-10.545772517106638
-0.020078616161974733,-0.028408474851707888,-10.537284067185999
-20.956317049345053,-0.8650414148460552,-5.126042111683984
-300.0345657826573,-0.47714217651680524,-29.913876658234155
-225.76590306162467,-2.4016824178570797,-14.991160990973775
-340.9774649064183,-1.2144403739635434,-11.856043707402911
-245.6933346194759,-0.8684968491783152,-18.61395165342948
-183.7040295691815,-0.7402985340746241,-13.74065277613652
-131.25832644296386,-0.540659780670771,-16.266540149612005
-94.68689079676543,-0.4127115020039076,-14.287427482448376
-72.94551742650019,-0.22348992379778973,-10.535548517711467
-50.52972184063253,-0.22497347230833478,-13.641495773894666
-35.74553049664766,-0.18414878750189717,-12.421131852353527
-29.930656621886467,-0.05091965103540963,-9.171134408989907
-19.13572346489701,-0.1009527569479984,-12.64582620434716
-12.832981519758567,-0.09352050755962729,-11.694096352689925
-13.848234255415555,0.282380116120558,-10.877939279589821
-10.4915959547731,-1.1446682397168617,-11.034478087298178
-7.65525266807113,-9.54660761956536,-12.260920948638482
-5.593179405995497,-1.5939018918026093,-11.065082452561995
-4.079681578682706,-5.260756868116497,-10.568007443354418
-2.976205333449604,-1.283869292961357,-10.903068040911684
-2.1526712120925553,-0.9503166801904623,-10.807232558974938
-1.5495739780320936,-0.7074113927066572,-10.738095826731419
-1.1077772862211817,-0.5306056580238786,-10.688275185556442
-0.7840132420114059,-0.40196455365693406,-10.652430784547857
-0.5466443052068155,-0.30840437485565786,-10.626689021740948
-0.37215556103628866,-0.2404946991815246,-10.608342856397572
-0.2531329845723696,-0.17522838196105825,-10.592307045468427
-0.15646607413301733,-0.1440662929340929,-10.583818218675853
-0.06520874867141158,-0.11403114269291477,-10.586725731596227
1.6073139476930218,-0.10263673377344681,-11.250408417635446
2.8283898230444797,-0.09650463961619009,-11.717073445308472
2.0658494393584164,-0.07084349751680616,-11.393792223891346
1.5074476254961167,-0.05186576094019574,-11.156430829067771
1.1001710675529086,-0.03783855069876918,-10.983247932772503
0.8029497072398812,-0.027594780765398993,-10.856856385878674
0.5860270354670308,-0.020124251209765284,-10.764611013176596
0.6029211292963719,0.0045832162279128875,-10.719212391272796
0.4396330902591815,0.003185343173809789,-10.664048880222179
0.32082666697782924,0.0023520229236274597,-10.623881002749627
0.23415159385895196,0.0017469778742383018,-10.594573498996969
0.17089506165302187,0.0012968109223798065,-10.57318481637511
0.12472717345909437,0.0009617542162557894,-10.557574812019617
0.26646009304292145,0.020015395433177468,-10.568132710306697
0.1940684836768517,0.014447698198950455,-10.553783536184378
0.141603342563742,0.010571718214859593,-10.54340418223642
0.10334712901308381,0.007746069294041495,-10.535837696437815
0.07542879357411518,0.0056752125676512106,-10.530316572908323
0.05505225335419861,0.004157304380784498,-10.526287416443877
0.21578191240510117,0.022392011882070847,-10.545317834105552
0.15708081703392182,0.016181650207896893,-10.537131600514945
0.1146085209238183,0.011837178422973386,-10.531250582133364
0.08364559889160762,0.008669653827531147,-10.526967218781538
0.06105022243929477,0.006349284384196387,-10.52384227194113
0.04455859849876344,0.004649270296338071,-10.521561957231635
0.20826483724398237,0.022788361959959716,-10.541885327220458
0.15159411633584965,0.016470419008598157,-10.534625879736156
0.11060442248123456,0.012047888736649763,-10.529421555919306
0.08072363055855397,0.008823435621885653,-10.5256321066169
0.058918036110956196,0.006461520021689909,-10.52286764830755
0.054186815111017514,-0.015765954682002734,-10.523988224785025
0.06634828965402825,0.0010032532571901502,-10.532921885995151
0.04810322837074177,0.0006173014771573648,-10.528105734562546
0.035080757111388514,0.0004802701646923677,-10.524664687707844
0.025604237143249504,0.00038009741084191147,-10.52216039278698
0.018689814487781956,0.0002984786297089244,-10.5203337289645
0.0071543141717261595,0.041121149477909034,-2.426190520425367
0.0043786709992665205,0.033954678443729194,-9.220254839090018
0.004852276360854999,0.028677401338070285,-14.477730115290118
0.004002028882159525,0.026899119509952555,-9.665020019429416
0.0032255743122441404,0.025588653060456844,-8.058074357349719
0.00356766000359429,0.02352338033729898,-12.442804468426441
0.0023630454151734462,0.015280475223141498,-11.99393002335072
0.0016959819093175688,0.006928784176193524,-9.76442620074185
0.0018460980544012912,0.010928737897121218,-10.702927983377142
0.0010098229999499881,0.005956665661663718,-11.339421536972537
0.0006580480854835656,0.00013780369940758798,-10.467245767460659
0.001042026443973744,0.00623677608610867,-10.480030164992414
0.0004006143119380677,0.0024585083272767173,-10.489455769276043
0.00012935000498683237,-0.0023270026221863705,-10.496909493963381
0.0006049023388588505,0.004565184238309584,-10.501596966701804
8.265104888300397e-05,0.0012002153012989716,-10.5051875030434
-7.436800960385916e-05,-0.0033052036087441107,-10.508401807246365
0.00043239644543580373,0.003939037068988401,-10.509974224153122
-4.400230885989178e-05,0.0007130886337529427,-10.51130097462253
-0.00014593931696590539,-0.003708002115972138,-10.512873172866783
0.00036170243427565085,0.003718079098853223,-10.513229021738244
-9.652497691332862e-05,0.000525218147574307,-10.513675842013827
-0.0001663633592705115,-0.003886962855562239,-10.514614998438876
0.0003306776552102527,0.003653732658823792,-10.514492440890173
-0.00012014615627341886,0.0004534194388595672,-10.514597317523828
-0.0004852795665035475,-0.0018376376463768896,-10.51465650876072
-0.0007151603723021228,-0.003553672232564082,-10.51471664007989
-0.00012206485875268665,0.003874980535222713,-10.514532474440978
0.0002584541700875745,0.002324533273927426,-10.514928766554139
0.0005990591919001662,0.008168371495586687,-10.514686763859654
0.000786705653500305,0.005456163184348573,-10.515042136361716
0.0009799506989133662,0.010477469791082512,-10.514766357222415
0.001066400070298484,0.007139114211112888,-10.515100950123843
0.0011780221273957534,0.01173152414923271,-10.514805978554305
0.0010752873778436234,0.008255862770638334,-10.515111146924767
-0.008787753813599553,0.003378579371507172,-10.505835597878798
0.0032002701324939722,0.0034111658258425296,-10.517875439267836
0.011814398842048542,0.004042898082960286,-10.526371821844076
0.018494739025411037,0.003603952698077777,-10.533106432280082
0.023734754376552106,0.003198870618539848,-10.538491852709928
0.027749507238375118,0.0034124662552487265,-10.542501466490085
0.031246748167817157,0.0019010276653963639,-10.546330243413186
2.0274996528186544,0.46465941516771203,-10.972988386896041
1.4834378303113147,0.33574200264570114,-10.850456584525324
1.098688379889294,0.22947480718195806,-10.765223677031484
0.8033737797304097,0.1688093614809757,-10.698198049134662
0.5861688097763449,0.1226107005014005,-10.648965323782042
0.4277706593607239,0.08937463054456264,-10.61288986626512
0.3121074324459972,0.06533442589557913,-10.586499786959259
0.22657792450839928,0.04347266043135364,-10.56735567000412
0.17107719297166926,0.0296790025797858,-7.2540685060664805
-2.648595648936758,0.02991292323969503,-7.792132748936619
-0.7185546720272771,-3.0607616461730847,-13.256705582823216
-0.5280042482822311,-2.238054388610004,-12.508392820315649
-0.3855252626285987,-1.6335445934804536,-11.969375862506654
-0.28135328773429874,-1.192062023621991,-11.57653384052432
0.07153738212780014,-4.564338333644399,-15.235577471010593
0.051150394042760144,-3.3324544831685,-13.958963013384261
-0.698490406666234,-2.7851884351763694,-12.394886192869302
-0.6331736278436677,-2.0825550613506647,-11.770146582837882
-2.1936400596288523,-1.6929677176372784,-10.363236291936424
-1.6006231809494014,-1.2355903268091137,-10.404430693328212
-192.99004513039623,-8.361364653980193,-47.30290556437701
-406.72044520261386,-8.790762391872914,-100.48352216805287
-565.8666313662056,-6.602995319229159,-142.68218465701938
-525.3857369742157,-5.267843813630168,-121.81769033952627
-466.15017287988024,-3.4703941397454052,-88.11933250566582
-355.34678631188956,-2.15083246814112,-63.77705074314116
-254.28281348169799,-1.5676778733857275,-57.51183042059824
-183.13033067549213,-1.0835133766023395,-47.37041080684186
-132.560911413511,-0.8129608321880857,-36.95684601243377
-100.58640634857241,-0.5150679805979401,-27.078414629293746
-70.70895029288248,-0.43764066782124605,-25.71764367477123
-50.475981628166,-0.3394144670810819,-21.23431637501047
-40.67291621316672,-0.16436635082222276,-15.601817140409993
-26.981838491384483,-0.18357377450141013,-17.34119765985313
-18.562142669045556,-0.15386908738477073,-15.120571027468575
-17.381008353000997,-0.028442894475191688,-11.139005102741308
-9.757792424388647,-27.094793064539203,-10.78303982533528
-10.115372537416674,-8.456144525712325,-11.974085890980984
-4.853508723909752,-13.327064437003965,-11.699436011207942
-7.670732848339556,-5.526866005705062,-9.87368941665391
-2.777229853713708,-5.778064068659554,-10.811252289983521
-1.0347429623725546,-4.238076583043707,-11.141478538635141
-4.707555229552258,-3.005823563564321,-9.865437144586444
-0.5347227629459299,-2.2620112298684254,-10.835153437462012
0.6546677131358642,-1.6704184561865425,-11.21550763906998
-3.463651639763625,-1.1316970195120009,-9.762690805195792
0.37337733396566763,-0.8939763769976197,-10.752800199528606
1.3147071204397012,-0.6719908946268501,-11.183955193513137
-2.982113715132649,-0.40301446184681655,-9.723659524641999
0.7223748580326865,-0.36211737873374034,-10.703249432899483
1.5674199545468483,-0.2838211645543969,-11.172458971842588
-2.7975976906529474,-0.11967026212160684,-9.723958345164744
0.8543989438035378,-0.15530512867429302,-10.675040999270568
1.6639643676492466,-0.13287199802759042,-11.156412056655043
-2.726904999813081,-0.009445735527284463,-9.737441195287076
0.9049345107550097,-0.07487027598653553,-10.668899959317805
1.7028761726379238,-0.07415833459789567,-11.135181015075776
-2.6983073221285925,0.033432539343465545,-9.745141328823712
0.9268903541644486,-0.04359958013696753,-10.680557625067484
1.7212273466991763,-0.051311525146508066,-11.118923428840619
-2.6848792451214742,0.05010469162386198,-9.739066650802435
0.9390083421522983,-0.03146054375243516,-10.69804888409242
1.731113731290105,-0.04243074220455967,-11.116318119747419
-2.6777903379024166,0.056565590123879475,-9.723299974823275
0.9460615004029078,-0.026767955693501003,-10.708115084695894
1.7354385477040513,-0.03901710536965085,-11.127134945789322
-2.6748245064078633,0.05902586612535113,-9.708842776700632
0.9484324850964811,-0.024971216035868896,-10.704311847895507
1.7352006954612764,-0.037732459331212304,-11.142561337754588
-2.675130787441613,0.059948120003397734,-9.705090158585751
0.9467653848642854,-0.024277392113632945,-10.690355771115398
1.732302401612197,-0.037237343287493174,-11.151685627671316
-2.6772320720234295,0.0603305658099052,-9.713484906352196
0.9432811478538667,-0.023984289592644578,-10.676537614648337
1.729473387179555,-0.037020112674482235,-11.148928828542171
-2.67915564091159,0.060528815675611726,-9.727209252464418
0.9407727386986351,-0.023844101683578485,-10.672116137039975
1.7288098377477812,-0.036910263914985905,-11.137246596310337
-2.6794838788873854,0.06063645727582449,-9.736515328513917
0.9409332805298751,-0.02378242728928802,-10.679167156263908
1.7306190489636863,-0.036850532257572836,-11.125327304676391
-2.678105130693119,0.06068538775449236,-9.735555439196947
0.943442931738911,-0.02376905672428501,-10.691865335879774
1.7334842879237167,-0.03682517048881553,-11.121208463609811
-2.6760798669379575,0.060692568352625244,-9.72594397162662
0.9464199197651042,-0.02378299380297965,-10.701142716263956
1.735400160487515,-0.03683764888109242,-11.126924947104909
-2.7195300395150497,0.5987938508131537,-9.938732972615593
-0.33674150157258387,0.2796845485409801,-10.762618514132583
-0.24515953381147637,0.20879872572406522,-10.685855431238087
-0.17888359389068803,0.15302621483586926,-10.638735730850245
-0.13056896971857573,0.11186340151485538,-10.60529461595938
-0.09530961308572217,0.08174887471634018,-10.580990474718988
-0.06957345491063352,0.05974379025235832,-10.563264617819245
-0.05078773873281385,0.04366617154065228,-10.550329976700421
-0.03707519163582073,0.03191873212551684,-10.540890869659833
-0.027065653065778295,0.02333452712411569,-10.53400261862143
-0.01975904256518844,0.01706122014369798,-10.528975901695034
-3.318162914019883,0.05562183232414114,-9.018538551422742
-240.9447629068816,16.69412356537395,-48.75942691146837
-434.49018487220155,11.511544331021584,-99.52404485059625
-555.8448942471741,5.823509728344426,-130.21555734730958
-493.71304204507976,3.8711923404020308,-105.02788559708705
-361.26959093830004,2.824514499822172,-76.85429628226574
-262.445584249689,1.4754147048253425,-59.98195981855201
-192.00151318608772,1.275211861509561,-46.17620347648888
-140.13279552701974,0.9303295210129501,-36.540060526242996
-102.27515179296306,0.6788790012166979,-29.509201998412863
-74.64489278264739,0.4953843060552655,-24.37789073180415
-54.49578497977792,0.3729256972570764,-20.62506382221197
-39.79317839840503,0.28510861695484807,-17.884680615809568
-29.06458511914471,0.2217912329315776,-15.883846389330454
-21.2359625913118,0.17611999574349066,-14.42293886846826
-15.523560121182994,0.14320361863013212,-13.356210459871946
-11.355428580143307,0.11951170088455015,-12.577263795702477
-10.994104924056122,0.11388466328816484,-9.891307233783328
-7.831110192912786,0.08144843312316422,-11.560820721203152
-6.620666704782313,6.144871047992306,-12.013409084403252
-4.6636301408858,1.171638708129989,-10.42069884434617
-3.4033151516867672,2.3422120066460934,-10.346021340733504
-2.459759310408187,1.3530207574563233,-10.669191078180244
-1.770018891737817,0.9726769403093609,-10.638650726335094
-1.2739792273765094,0.7108448843805206,-10.61423740599392
-0.9023342704870372,0.5060116881494462,-10.599526440658954
-0.6395965974118054,0.36920393567118487,-10.585971947668583
1.1853326876006662,0.2514424007705145,-11.203922833249859
0.8658394387639041,0.17717786103379635,-11.018915760706939
0.6326596814422507,0.12346455244887186,-10.883818978695874
0.4626200323323032,0.08413316313287339,-10.785268311876573
0.3386347676803005,0.055272414518895176,-10.713382604200492
0.24823677538628958,0.034081198189568646,-10.660949034903725
0.1800759696942309,0.03119431687645304,-10.620570237498699
0.13044401705854786,0.02883112013543359,-10.591127521468877
0.09420834482946422,0.027148325963394997,-10.56963235598471
0.06773694977255058,0.02595786711450352,-10.553934833172189
0.048396213975437724,0.025119657484508333,-10.542470604966713
0.03426342274428369,0.024533046166990712,-10.53409734893127
1.680106831590559,-0.0019991506598909456,-11.15371215109095
1.2279887322944545,-0.001548861011075601,-10.98261490079803
0.8959581311042001,-0.0012594370438782285,-10.856328586168445
0.6538850232521669,-0.0008965934131408172,-10.764217685663038
0.4772345423088714,-0.00062933433533629,-10.696996707610175
0.3483092802693467,-0.0004413262486820871,-10.647936778170246
0.4476260805595329,0.033595652893314884,-10.642106899624288
0.32563141861914197,0.02399179574051493,-10.607596522648521
0.23756484302573355,0.017511794247998994,-10.582663039978192
0.17338025191213408,0.01281394681775833,-10.564487876515734
0.12654370377889299,0.009377412456421999,-10.551225380752859
0.09236032495043314,0.006861730202734256,-10.541546439451329
0.26096170013571096,0.038901894407064576,-10.564467829748622
0.18939435999950222,0.02786377504585509,-10.550931498797196
0.13813310491695438,0.020337652229744575,-10.541306290347137
0.10081076110103598,0.01487636623616144,-10.534303824491094
0.07357946453443735,0.010882649571948549,-10.529195659296121
0.053704853806249855,0.007960313581039682,-10.52546810805067
0.23285777184838058,0.03969748350457519,-10.552742048954286
0.1695578583432037,0.029080237783730506,-10.543219992756388
0.12455359539900346,0.01496041841542958,-10.536614081458739
0.09177090954370488,0.004939680705154704,-10.53183563404632
0.06790197044307023,-0.0024138342706302813,-10.528374738105825
0.05053375891039629,-0.007850160835309594,-10.525868804639401
0.03790253143904719,-0.01188077490640544,-10.524056244850195
0.02872161538020436,-0.014876201171950775,-10.522747224299428
0.022053407009118765,-0.017108501982225303,-10.521803833901139
0.0172148975500141,-0.018777998392717207,-10.521125869660526
0.016521326479622372,-0.017355411971521656,-10.524189260798957
0.014309690740973846,-0.004244335502497367,-10.524720265924318
1.9031919795712409,0.3214953355694858,-11.696158230934792
2.035575837973358,-0.04402482123962581,-11.809567746490394
0.942307272882791,-3.864638959073878,-13.800486564461684
0.6851172112797288,-2.825731686838745,-12.90928205860581
0.500825267824663,-2.063108380713014,-12.262903480232122
0.3657922791537693,-1.506759867806199,-11.790887221316778
0.2669957411181322,-1.0999393314895758,-11.446303371194956
0.19868814558535547,-0.8023421201768247,-11.196479019556904
0.14501854732605252,-0.5855986269578731,-11.012487552587173
0.1058405653129309,-0.4274530161209467,-10.878199394469608
0.07724568995244131,-0.3120230968068331,-10.780189070612552
0.05637571050460802,-0.2277666793486509,-10.708656620660804
0.04114383806052257,-0.16626399364981637,-10.656449016838776
-3.6697519824100784,-0.27666734044468033,-3.897161469749621
-9.207947169813156,0.3565737740642301,-1.3294251789699465
-14.535264430441611,-0.21535421912107133,-6.2846957852403875
-14.888396446628951,-0.12741620059355002,-2.8592599958074914
-176.51390696622494,0.26488194471526233,-22.655910745732665
-313.0905852511511,0.43056102626101017,-39.09971656755235
-415.79942867229965,0.6872411126915101,-52.051911317594815
-467.4035587235873,0.4165261326169377,-52.260443595205615
-498.53694342838577,0.281644597436911,-38.80496849496328
-420.8691508597443,0.5347443151889171,-23.136071859321312
-363.363298824333,0.12313968571276862,-11.732619703990215
-350.59446487649285,0.5537300938941297,-1.7526003037648064
-341.75599259323945,1.157551262469478,-0.8478384648542509
-354.79819353022333,0.17062828346167203,-12.715439471051983
-258.3232809580711,0.10208929811416637,-10.602778886007766
-192.800892075857,0.08037898093672668,-7.813829527103922
-138.01176975439932,0.02135486468085699,-11.650180221823579
-99.59900587962512,-0.004861189598034596,-10.962323950277582
-76.52495248190174,0.07859120265431548,-8.105379229133483
-53.14793323708229,-0.005397864474867037,-11.869553043543046
-37.65959974818694,-0.02398416208304697,-11.127251133813575
-31.319118089508645,0.06583930180120143,-8.22487979460885
-20.154456608059064,-0.015470305784489574,-11.95769713609532
-13.579650084370108,-0.03122570404447614,-11.191298119381573
-13.744708377767964,0.061011926666037525,-8.270899127677762
-10.759069794479409,-0.10702695637651177,-12.355840762430775
-6.548469070053327,-1.428894121562554,-12.204336417390955
-4.756165991870391,-13.38231031003841,-13.050111823897543
-3.472505571764281,-1.398355593348402,-11.711599953450676
-0.8589427200723954,-6.417662803226719,-11.341872423546217
-0.627819303034821,-2.153458003342899,-11.394423077162266
-0.45832929915450005,-1.5717892254274761,-11.156918814343845
-0.33451700587201194,-1.1471464716573676,-10.983605410696178
-0.2441435205587809,-0.8372197960739671,-10.857116417978354
-3.5028896142016257,-0.5450161741327735,-9.65616160216969
-2.5584622106751445,-0.3987126180153593,-9.887758775736414
-1.8674334119237437,-0.2910261978248547,-10.057279107238012
-1.3629457698217058,-0.21237060760440732,-10.18103847561459
-0.9947351263999917,-0.15497042705440434,-10.271367239544645
-0.7259983605246214,-0.11308525664384039,-10.337293866937342
0.9279438467939536,-0.1705941527643764,-10.842116015775662
0.6758448011191025,-0.12521636345477524,-10.753471490277466
0.49313899625264435,-0.09139993958402443,-10.689122367391123
0.3599067479074395,-0.0666744839710561,-10.642186033390937
0.2626785481766705,-0.04863588130339537,-10.60793292340879
0.19171736250608404,-0.03547829439170665,-10.582934171273362
0.3334647239130527,0.00801097359511034,-10.594623927952133
0.24230713697233464,0.005315959094137198,-10.572939630966708
0.17675078007264622,0.003880988432787257,-10.557368788568553
0.12899547492774538,0.002865511685976401,-10.54602704690261
0.09414974892380729,0.002116575357743867,-10.537751892113297
0.06871778484961209,0.0015624339807750885,-10.53171292828379
1.7058478430649624,-0.018510244994538363,-11.133928998233745
1.2441691437337794,-0.01390939197249718,-10.966612427882206
0.9079745895382592,-0.010140886915804235,-10.844693543863126
0.6626767711336209,-0.007368690479368582,-10.755729672421575
0.48365400205378717,-0.00535365497913418,-10.690802061318617
0.3529951297680717,-0.0038902810623839042,-10.643415602964248
-3.037696788179939,0.03255267966231213,-9.487352485333405
-2.2183956429983502,0.02400782469701797,-9.764875694867069
-1.6180393018414083,0.011090011125118726,-9.968638189712347
-1.179828144553821,0.0018203432304350464,-10.117388668354208
-0.8599694220856027,-0.004967305965460268,-10.225970104211015
-0.6285944410961655,0.0023693778579997413,-10.303151809220918
-0.4578946169876535,-0.004158770207464914,-10.361452207641339
-0.33532584516949293,0.0033362711875781735,-10.401973993178569
-0.24572711770243927,0.00850700373928513,-10.431587032576447
-0.1803256272669119,0.0122923105226373,-10.453200347436118
-0.13260277379548718,0.015070629755488786,-10.468970157514017
-0.10850431190420552,0.0050206162091570375,-10.471465764224702
-0.07817005618599059,0.002276362253909279,-10.48384117777065
-0.06956087826305493,-0.004086185274514391,-10.48135978857904
-0.07111714435205964,0.017977457995609056,-10.47491305399861
-0.05781715068101854,0.012781225429340267,-10.480882513101077
-0.026131753933285422,-0.005953561731271347,-10.495476972774197
-0.017591003774788068,-0.00302842661833894,-10.501327589985625
-0.013757182391058876,-0.0026827118665769725,-2.462420152136424
-0.010392103059273057,-0.002053312593305919,-9.22768921841941
-0.005797837938957391,0.00035586042881952974,-14.417429273325512
-0.004606029128274548,-0.005339443790360063,-9.606859640961524
-0.0043670019630120795,-0.009045258378486644,-8.076603174157343
-0.004539431641893454,-0.010940953806878647,-12.44203081827503
-0.003959690913172782,-0.013411104976857708,-11.992854322860623
-0.0029522291998878266,-0.01390253972097005,-9.786038463939214
-0.002566656648847159,-0.012084411745190603,-10.708941653094525
-0.002232427692941579,-0.012603748204152195,-11.326162755856858
-0.0010951313796712144,-0.0031141926269961234,-10.474225498975882
-0.001148520824011605,-0.004288728053497977,-10.485277482714102
-0.0010604332909425543,-0.007137231554316413,-10.493843024005375
-0.0002134515205357765,0.000888528199445314,-10.499383989005288
-0.0005131651014537924,-0.0014262160844815469,-10.503570002436874
-0.0005509832323450356,-0.005137573983714897,-10.507201945399041
0.00012235863701399313,0.0024704654329367774,-10.509119081081153
-0.00026845823276550117,-0.0003100449846720815,-10.510674377145511
-0.0003448754210228168,-0.0043828541977437956,-10.512398661071336
0.00024911378094550555,0.003109952218937507,-10.512901651350006
-0.00017682397902553019,0.00012602298788867228,-10.513434386819076
-0.0002570816348231402,-0.004112660853352271,-10.51442267614378
0.00029465860751842424,0.0033816158870678056,-10.514370202511849
-0.0001446083194421264,0.00029707278419551343,-10.514505511739294
-0.00021549934619394525,-0.004030610519618876,-10.515213149272393
-0.010175689921986268,-0.002386588102899212,-10.505609224981232
-0.01776975951373677,-0.0010243953198544777,-10.498146314110157
-0.010530260728326312,-0.0036730951251057803,-10.506653133773563
0.0017089730746101973,-0.001349294411911351,-10.518005393633512
0.011165446379380065,-0.0003331030659212927,-10.527102063469124
0.01846857417742833,-0.0006202455570718383,-10.534266338374326
0.024142335949365837,-0.0008977796453751672,-10.539945951252646
0.02861658115384445,-0.0011638240774224874,-10.544529156911299
2.018555612100701,0.6999822278512398,-10.995425474802435
2.0813858695796377,1.9497566007146614,-10.486740373829829
1.5218884500061383,1.419698161839035,-10.496670029620132
1.1107467980172134,1.0351965108741288,-10.501757235538614
0.8106446925302868,0.7552379766841895,-10.50543227434131
0.5916199173868077,0.5510205591049647,-10.508114013692047
0.4317703055668104,0.4020179087332529,-10.510073796956338
0.3151085299505201,0.2932998721040322,-10.511506394671162
0.22996640919233163,0.21397634800322285,-10.512553758009041
0.16894119306213734,0.1626350976590889,-10.51303192646218
0.1210485322884005,0.1101545002382184,-10.513444478391119
0.0905054147610927,0.08972733955838003,-10.514192747131819
0.06443770360496517,0.06337893014855386,-10.513804710833472
0.04575567303448996,0.03584669584378511,-10.51396634218172
0.0497802367222657,0.03550176079972405,-10.52167249088387
0.03651019509646976,0.025896895498536215,-10.520142685767526
0.026657800193408188,0.01889447046940743,-10.518880388640689
0.019454209113300917,0.01378548840265776,-10.517943717506327
-2.7422626004257533,-0.20176350776937466,-9.951641552885507
-1.988060091759557,-0.14246269450696133,-10.046438606748746
-1.4273186022182418,-0.11997146486825258,-10.17566853629096
-1.0187798171354907,-0.10210629582948044,-10.2769135451313
-0.7197006649210632,-0.08908510121519073,-10.351989562123377
-0.5003998168228972,-0.07984119984632676,-10.40728006538958
-0.3479445775510177,-0.05754933172435468,-10.445390603639556
-0.22681981682001306,-0.054685929060279415,-10.47632458180192
-0.14705830507697637,-0.03984408340921181,-10.496116901168238
1.5366148113372593,-0.047041609684326594,-11.280316286983517
-2.2118793093242224,-0.005403877757763638,-9.55176641027346
-4.95248890449256,0.02501534244327763,-8.292541198571284
-6.948572140695217,0.04831284884262026,-7.376103961759168
-8.402442894962407,0.0656805669500601,-6.708669150913434
-6.134980679349603,0.04631677616376288,-7.7365599883528535
-7.877273570728928,7.846156116280496,-8.685921011434095
-150.7123814343909,-6.4670931930169315,-86.82333527904078
-231.22844805084435,-36.160673401019736,-142.79023737279198
-248.4282843913164,-39.03406949971527,-153.90316260180003
-185.44037571993064,-29.721402976646733,-112.56534848003889
-134.21061968300538,-21.580979194937232,-90.13187005023819
-100.68373916669509,-15.611483184739797,-67.31232269998631
-73.48235081966679,-11.392873793147103,-51.968403441606306
-53.630545910132355,-8.3147554893611,-40.769603649640906
-39.1419289082728,-6.068326144717318,-32.596231479444974
-28.567509042322634,-4.428821163603737,-26.63095030505336
-20.849616724974116,-3.232212999775477,-22.277248436308966
-15.21693543069846,-2.358947743431806,-19.099734677517844
-11.105984119271948,-1.721618637293552,-16.78062375280946
-8.106313280205027,-28.272381490540003,-13.81857788500264
-6.8375729102732485,-9.405481411170022,-15.568726114388156
-5.661203016545866,-13.521419496094099,-14.299607030159727
-4.144515856838927,-6.1592340425194925,-12.918750122715066
-3.0241110732564467,-5.981655951420392,-12.371334394356168
-2.207073879667873,-4.365487473764592,-11.869883342496358
-1.610814455150717,-3.186050785634343,-11.503944461493017
-1.1756431437160062,-2.3252672553178226,-11.236874313266556
-0.8580367223489094,-1.697040171579768,-11.041957225066582
-0.6262336842730174,-1.2385403233687513,-10.899699615169824
-0.4570536321259719,-0.9039132753049126,-10.795874857067405
-0.3335785707650684,-0.6596928103592083,-10.72009985781761
-0.24346101568049275,-0.48145405767359495,-10.66479663087543
-0.17768923251458024,-0.3513708655700513,-10.624434463757146
1.519474072134174,-0.2715090583632961,-11.212284200174164
2.7599503171410964,-0.16346676268642638,-11.613322805590725
2.013633917354014,-0.1197939590774035,-11.31665250636332
1.469574508256998,-0.08742925570685427,-11.100185294527297
1.0725576718016743,-0.06377771354236643,-10.942200667752818
0.7828029426387622,-0.04652318758046661,-10.826897030742407
0.571326977594183,-0.033937357663919636,-10.742743766511854
-2.8708352451117904,0.010190067932217071,-9.56312451000736
-2.095920618721829,0.007127559643332514,-9.820219478418526
-1.529753246201661,0.005218521417357659,-10.008010176009561
-1.116482428908739,0.0038401502509467396,-10.145081999397055
-0.8148543689743124,0.0028258819964045584,-10.245124759869924
-0.594713322251583,0.00207869277033683,-10.318140849943036
-0.258091243763788,0.02152160404319137,-10.393320502616278
-0.20194736814929515,0.010308745574726379,-10.416297916825036
-0.14733252511381112,0.007582372650536922,-10.443119166932854
-0.10752078932818662,0.00556807950985715,-10.46265003178227
-0.07846894852566326,0.0040863978356129715,-10.476900462202856
-0.04615810601117612,-0.017480471236980703,-10.49040034150119
-1.4451255220190458,0.3220228226247305,-10.463779244442334
-1.0492318826862195,0.2357697759541314,-10.480373813552417
-0.7656575483764114,0.17194854530786946,-10.489971392376404
-0.5554422734153909,0.12777834630255244,-10.500746162601786
-0.398330613999763,0.0934775026875652,-10.510068973153311
-0.2994543294913278,0.06640474409723704,-10.503502042646033
-0.22778449373629162,0.046811442526883,-10.498088259666655
-0.1759974559217802,0.032658916531525875,-10.493486339876707
-0.13869400669821852,0.022467135111570447,-10.489512169387476
-0.1119370596240485,0.015158843693446559,-10.486026939119583
2.137934634513882,0.6087869297603685,-11.247806379700153
0.41867325110157894,1.5320581544151484,-10.425423434678542
1.7330916645264665,1.6825557046968318,-11.21315003549285
1.2638354834643826,1.2263438256390278,-11.023191980991168
0.9224115352660468,0.8953660610391495,-10.885902288952899
0.6732738346376047,0.6538726467729361,-10.785810800293214
0.49143234056091384,0.4775499397399226,-10.712766445847713
0.358706326436377,0.3487958275224929,-10.659454253464737
-0.32488451226102,1.5755713506280866,-12.231185198711731
0.8418755642732654,1.1622832880473857,-11.175693674234907
-3.3070497774328835,0.8576435485224367,-8.270479728122371
0.2897120084692819,0.5793575953932458,-12.00086896017831
1.3384839673970748,0.40247806127247915,-11.222184859411191
-2.847462764403627,0.37539943341304916,-8.29395840827007
0.618869659875593,0.21249270536018156,-12.007678058889198
1.5791282010226717,0.13472906740966362,-11.228211325799181
-2.6718451892776565,0.17991602956369068,-8.29899456289456
0.7467211370299243,0.07029742246566376,-12.010350815870822
1.6725706937616824,0.030838344058529102,-11.230440316720413
-0.5543163859014821,0.03852368457086851,-8.985204447579491
-139.26312605656327,-2.9414052690979537,-99.48392412067598
-281.8889221217132,-4.586935486036897,-192.71538646889138
-209.43202679475803,-3.3646920393385673,-141.53043795371093
-239.8988053344699,-6.661277115869028,-189.1316780691547
-201.26674988599967,-7.244877600243101,-168.14778587023912
-146.85038520158935,-5.286142261633032,-125.56103522234412
-107.17128152429457,-3.857469493215025,-94.48268918303152
-78.21738240871673,-2.8152311391935303,-71.79884179736422
-57.086352623864485,-2.054652551508063,-55.24281352118019
-41.66410698200166,-1.4995651169900133,-43.15943837781743
-30.40829013559284,-1.0944416776128632,-34.34045314575823
-22.19330368472683,-0.7987664498804351,-27.9039702650659
-16.197646944264747,-0.582970793682251,-23.206342975412177
-11.821754033315676,-0.42547448474281,-19.777808776540176
-8.628035675725009,-0.31052740801970186,-17.275514306070008
-6.297376833658216,-0.22663891364842725,-13.323671631855497
-7.228574051803948,-0.473059017365407,-9.257538357531612
-5.274888621493384,-0.34552458482768145,-5.015710050064025
-3.8501088850800578,-0.25224614387822436,-5.501610942739336
-2.8093267391733634,-0.18412333716180826,-9.976416562338695
-2.050147040266446,-0.13440277085448085,-9.520555914166927
-1.4963769482459865,-0.09811293871393192,-7.893332003068393
-1.09221138121173,-0.0716224677586433,-9.85324129161546
-0.7970811470182944,-0.05228335666067699,-10.766257119640029
-0.58173062405806,-0.038167199825797526,-9.772816185852687
-0.42456400875995187,-0.02786252972556847,-9.931740166262546
-0.30989567741425855,-0.020340642768856755,-10.197051402330205
-0.2261788295709022,-0.014849266875615563,-10.283080533053754
-0.1650756459898963,-0.010840520676902759,-10.345847009051553
-0.12047879319139809,-0.007914050507082939,-10.391654143813435
-0.08792985976362745,-0.005777632036139854,-10.4250858640667
-0.06417419011899636,-0.004217952063688076,-10.449485733826624
-0.04683625365129555,-0.0030792974496467182,-10.467293796056222
-0.034182262377142475,-0.0022480002256828474,-10.480290873041515
-0.024946819058024032,-0.0016410837715580186,-10.489776683592483
-0.018206381269367973,-0.0011979751230445466,-10.496699818954626
-0.013286907411543833,-0.0008744553665220069,-10.501752602482812
-0.009696452546714827,-0.0006382438110673378,-10.505440322061647
-0.00707597379733094,-0.00046577450441234736,-10.508131758880818
-0.005163426064319366,-0.0003398433120562894,-10.51009606554838
-0.003767557362565725,-0.0002478902769849609,-10.511529681427833
-0.0027487837235389114,-0.00018074571605799461,-10.512575976553027
-0.002005230633085081,-0.00013171497608025433,-10.513339588631473
-0.0014625456970717068,-9.591041793031058e-05,-10.513896886773543
-0.0010664632622571825,-6.97634207193744e-05,-10.514303608542116
-0.0007773779261006499,-5.0668439978381714e-05,-10.514600433615295
-0.0005663838560388297,-3.6723082761996584e-05,-10.514817051806329
-0.0004123843732584541,-2.653823455640255e-05,-10.514975131996234
-0.00029998223659651724,-1.9099564392804476e-05,-10.515090489082125
-0.00021793982210217394,-1.3666523413872883e-05,-10.515174665432022
-0.00015805542876252287,-9.69818464260586e-06,-10.515236085190052
-0.00011434306826135314,-6.799651984555648e-06,-10.515280896651005
-8.24339185039e-05,-4.682470328131148e-06,-10.515313587080602
-5.913948505018111e-05,-3.136028606926082e-06,-10.515337431443262
-4.213254946505013e-05,-2.006457400529587e-06,-10.515354820012526
-2.9714689359089466e-05,-1.181450388965932e-06,-10.515367497221382
-2.064627468961197e-05,-5.789080455400952e-07,-10.515376736285187
-1.402259460565239e-05,-1.3887005737885022e-07,-10.515383466405716
-9.18331836233566e-06,1.8243676039303227e-07,-10.515388365762442
-5.646505569659992e-06,4.170058017968945e-07,-10.515391929325482
-3.0604544819576623e-06,5.881563127157943e-07,-10.515394518283387
-1.1684249314242854e-06,7.130156919144022e-07,-10.515396396261929
2.169309478732282e-07,8.040397976325674e-07,-10.515397755669369
1.2323915415625717e-06,8.703440984332688e-07,-10.515398736919721
1.9777544538001537e-06,9.18566022692975e-07,-10.51539944248858
2.5258822119628628e-06,9.536183110763704e-07,-10.51539994714682
-2.7356466583819175,-0.007192595717869111,-9.269889646550943
-1.9957578311854682,-0.005243501365240446,-9.473280156086881
-1.456514953191935,-0.003826011043788964,-9.740473362661433
-1.0630207554595894,-0.0027920265704126745,-9.948279297658866
-0.7758374528968639,-0.002037438006459148,-10.10132421098824
-0.5662389907350887,-0.0014867103422368322,-10.213171704712648
-0.4132648873531788,-0.0010847640936556594,-10.294818912930998
-0.30161768657007615,-0.0007914048916951898,-10.354410338911226
-0.22013266698336786,-0.0005772974148261909,-10.397902949083939
-126.63772575943494,13.853530596200923,-36.65819328735723
-320.54762578798477,13.391577512562705,-86.84762055834048
-252.0352633824216,9.266448686026306,-67.455259608685
-267.3969743508253,6.782399782130925,-58.0043435199096
-277.7481706743177,5.1496364609767,-41.31308550801619
-288.16224717143893,3.9282268022788704,-29.500754127322928
-208.52076539398286,2.8251067449856198,-25.43972850517474
-149.89791919270442,2.173830007932009,-23.627635774315443
-110.20262554326784,0.8589278159606508,-17.609174163713174
-80.43538930624068,0.6297202831444101,-15.68788984170079
-58.70537967197779,0.4601184117495751,-14.290298582540732
-42.8457651128771,0.33604918443566695,-13.270456655097915
-31.27071942227726,0.24543591281076454,-12.52613647214586
-22.822744195835313,0.17926767952674832,-11.98290230214806
-16.65704180627607,0.1309486164945421,-11.586430286052932
-12.157042017613318,0.09566193413330362,-11.297071230542278
-8.87274493410579,0.06989099418955222,-11.085887250752203
-6.901246925529815,-1.2998261806551379,-11.423219093012149
-4.874540206495547,-7.810538163695957,-12.541083288727727
-3.5543816007061713,-1.224327848408425,-11.423532496542476
-2.5951652069985363,-3.2043898972874567,-10.870506931810205
-1.8938437305831908,-1.7624050903006894,-11.065220447069622
-1.3822645838173218,-1.2861528967237361,-10.916708117232474
-1.0088640953292876,-0.9385574982438152,-10.808288305136365
-0.7363321492941923,-0.6848922364360513,-10.729157026945446
-0.5374225309330133,-0.49977878937202763,-10.671404850911122
-0.3922468660789902,-0.36469290597572834,-10.629256123184058
-0.10755085418690252,-0.20345551222310107,-10.631290149100051
1.363081749349304,-0.2832421853206647,-11.024402455720896
2.6472324098624878,-0.22835351121239356,-11.513776719565394
1.9312696010737036,-0.16715022349176603,-11.243925255928069
1.4094508048790306,-0.12198696271580202,-11.047098795642054
1.0286739202822655,-0.0889958694665895,-10.903456150961206
0.7507724201046154,-0.06492606562555818,-10.798620732260147
0.5479474454452011,-0.047366908967539374,-10.722107721115929
2.0526295644713666,-0.051686262433003,-11.289798881814129
1.4958926078523958,-0.038731565275238695,-11.080003912350438
1.0915674911472777,-0.028319206619818564,-10.927422204639202
0.7966567096178276,-0.02063645824170685,-10.816106938045456
0.581435218645185,-0.015033796716422923,-10.734868760333246
0.42435811289426273,-0.010952850791853102,-10.675578383485549
1.962629564130177,-0.025115440883228993,-11.249583764550582
1.4302030934905101,-0.01934158174787515,-11.050651444802151
1.0436245743245736,-0.01416774567974726,-10.90599908908451
0.7616663583135159,-0.010308084122741198,-10.800471134164404
0.555898233137949,-0.007495671136612777,-10.723456808867759
0.40572059510907993,-0.005451178832487365,-10.667249193198622
1.9491912347662188,-0.021103528340194563,-11.238399282916186
1.420391752886819,-0.016415654246429344,-11.042486912836635
1.0364639441853134,-0.012032486809213901,-10.900039917813166
0.7564406207738528,-0.008749693457285596,-10.796121638942232
0.5520846819354718,-0.006358288047168088,-10.720282141421114
0.40293771015721425,-0.004621065707353728,-10.664931973551958
1.947294144402606,-0.02050048537750656,-11.232541190066446
1.4190042868896806,-0.015977318570664832,-11.038210085459369
1.0354514116746694,-0.011712749006902404,-10.89691821997775
0.7557019701541927,-0.008516349066249648,-10.793843092993846
0.5515459364395234,-0.00618798324813188,-10.71861897760402
0.40254485652164673,-0.004496769776833449,-10.66371794844336
-3.0332276601381865,0.061555380264419236,-9.491347570744619
-2.2156985483403986,0.0439773401623168,-9.767466611259053
-1.61727099716937,0.032066902562242046,-9.969484534465485
-1.1803666181925414,0.023436572465859215,-10.116962228286669
-0.8614810596639697,0.017131824877612296,-10.22460166931503
-0.6287438724946512,0.012522401523530069,-10.303162382634762
0.9995987375569233,-0.07726080017886225,-10.856192871541653
0.7281311693499598,-0.05710722161210253,-10.763743606985617
0.5292625845368314,-0.04258164137596814,-3.494629465565846
0.38571184424882443,-0.03128323423140078,-11.084612944630374
0.28253579954493824,-0.022283124124495755,-14.899194406648302
-3.3381535558389217,-0.0674343438678093,-8.91188417383157
-2.439282326231862,-0.047558734535935746,-8.13987982708965
-1.7817321490340001,-0.038771111015320686,-12.506989175079422
-1.3013368990141176,-0.033064217529745824,-11.527102547849436
-0.9505415322869122,-0.029728425240250066,-9.507494618212661
-0.6941703789010956,-0.0235772605256105,-10.807646644333888
-0.5070616521368712,-0.02093807043742716,-11.317017367343249
-0.3695116808439878,-0.009124734707094434,-10.358750156697134
-0.2700533841646544,-0.008756257458564494,-10.40097876150104
-0.19729131113941922,-0.010526768744685364,-10.432347444722394
-0.14346525688826553,-0.0013169140464888845,-10.454471271499791
-0.1042536414904418,0.005406230502797212,-10.470581745045244
-0.07648228266278961,0.00019182226355674882,-10.48304681428705
-0.05622197157454625,-0.002031878347790089,-10.491623786558089
-0.04141037822692879,-0.005267456797748708,-10.498411757566117
-0.03062515178759441,-0.006037066186421222,-10.502837408383808
-0.022714736768762817,-0.008218844229131704,-10.50660128801686
-0.01698065355030249,-0.008207044382935583,-10.508814109957534
-0.012746034133956535,-0.009824471618889994,-10.510967522515232
-0.009705556956601078,-0.009392050674026261,-10.512000403105203
-0.007428225633706708,-0.010707407129373599,-10.513296562979725
-0.005824943983143427,-0.010048055305101172,-10.513699863386362
-0.004589115479425672,-0.011202093150717733,-10.514540092642237
-0.0029678004145643018,-0.0015876795354228396,-10.514384459274922
-0.0017752955730390484,0.005426032363356422,-10.51427106737894
0.0008056204974981899,0.001981552312732982,-10.518064075504949
0.002711722821487259,-0.0005084983089743873,-10.520899583462931
-0.008005085001810314,0.00018502813270573058,-10.509735323115175
0.0036471328262240414,0.0016075882905011523,-10.520453364606077
0.012715382124456633,0.0017233766160784205,-10.52904238235372
0.01952230233405674,0.0025438423808869254,-10.535484740003996
0.02501169698345117,0.0022439400926754106,-10.540934715572273
0.02922599039341192,0.0027526470878501703,-10.545082105372517
0.3631947287555717,1.3045619406609932,-10.065738930163466
0.26320681253375633,0.9513928263971931,-10.186097305749254
0.20805455948457735,0.6786140605620454,-10.280434886885853
1.6213845952713826,0.4443870998459954,-10.883156085425757
1.183314624565289,0.32391399353109684,-10.783881484212081
0.8636211807819716,0.23629822335526587,-10.711353515344717
0.6291871524643562,0.16816044038029818,-10.658540783337225
0.45798099434005884,0.11846977730211136,-10.619922204758891
0.33321177138362007,0.08172452715514975,-10.591796131042337
0.24230275028854567,0.054495304437707566,-10.571317067956386
0.17660952657768203,0.037726099980343736,-10.556131607898632
0.1286558513220949,0.025464684368704846,-10.545042487841142
0.09356486701739813,0.014794492541182721,-10.53741381746778
0.06894342699106082,0.016606508322007583,-10.531215468083216
0.0565091384406252,0.013286319492364536,-7.233250876978678
0.04097732734396835,-0.062364955979415305,-7.76624128758366
-2.747690087608186,-0.17629580225515262,-8.473010041325841
-3.167570482843974,-1.6293688515808522,-6.044097868086344
-2.7674236736586177,-0.9997547666168342,-6.811904192176297
-2.04152533145485,-0.7142647904587218,-7.802015729654704
-1.513419174101906,-0.5067687090724917,-8.52448039615746
-1.129018817785851,-0.35518359562854673,-9.051352712707368
-0.8493978275934353,-0.2442939369746604,-9.435516207279793
-0.646513844150277,-0.16204723806957133,-9.715404956567946
-0.48903680385558435,-0.13302501818973955,-9.923420164461273
-0.3846217476256767,-0.07307216940715977,-10.070645111998507
-0.3003856121539606,-0.021705354978426433,-10.182299730694679
-3.5557301573616007,0.01218274650671368,-8.752112528115386
-5.931916084913646,0.03839991692508578,-7.710080793579549
-7.662349222575273,0.05817471939553724,-6.951549249623978
-97.90827060127836,0.9778076836809724,-48.842776377795445
-74.26115977385263,-4.293503416186431,-41.971754594687695
-157.60113414623797,-5.985602524110215,-94.1815068111936
-139.43754193910706,-3.2755110120688373,-91.64309166310916
-101.73356186515602,-2.393047689926358,-69.72676681792723
-74.24546621876397,-1.7472586106421193,-53.72964206531111
-54.187091807245196,-1.2754014739421158,-42.05486451901055
-39.548049253574355,-0.9309145203371205,-33.534252626717404
-28.86388713728671,-0.6794671748966853,-27.31556229849008
-21.06612409793503,-0.4959383829564597,-22.77689346720758
-15.374976066088907,-0.3619832711262393,-19.46437470685157
-11.221327254552595,-0.2642110972479057,-17.046753526627807
-12.558804621981356,-1.543641774095892,-13.732489907940803
-12.367451267803068,-8.212776478735533,-14.579724698756381
-9.026082415160955,-1.3308117272940123,-13.669772639057939
-6.588303617874494,-3.3699029213003913,-12.42541379123127
-4.808434350306886,-1.861955865807414,-12.036513454476658
-3.509411936973585,-1.358964538452966,-11.625658867666383
-2.561327593097902,-0.9918284966667008,-11.32572671276132
-1.8693708675389495,-0.7238747582655685,-11.106814381226584
-1.3643498272009973,-0.5283112228104354,-10.947041499660143
-0.9957631839624657,-0.3855812608977348,-10.830432096943378
-0.7267524296844237,-0.28141138140355354,-10.74532540081974
-0.5304165355657053,-0.20538418438664144,-10.68321077296655
-0.38712194146600837,-0.14989662790080197,-10.63787676557369
-0.28253921359504874,-0.10939970603864735,-10.604789990732236
-0.20621010333140272,-0.07984353246210571,-10.58064178328294
-0.15050172252952587,-0.058272339297317066,-10.563017334533912
-0.10984325499232592,-0.042528890448007936,-10.550154211329483
-0.08016887504809686,-0.03103875035793287,-10.540766112753769
-0.05851116483204598,-0.022652834774635186,-10.533914240095411
-0.04270437282899736,-0.01653249764875615,-10.528913416905548
-0.031167838642999768,-0.012065662992008798,-10.525263571400753
-0.02274792698989913,-0.008805614421116359,-10.52259972928296
-0.01660266426666766,-0.006426321603415306,-10.520655516309663
-0.012117541231801986,-0.004689835459368796,-10.519236520864169
-0.008844062052452667,-0.003422492055298548,-10.518200852832562
-0.006454894815814125,-0.002497545066579547,-10.517444954582867
-0.004711138253533174,-0.0018224904888016406,-10.516893245213785
-0.0034384317662337184,-0.001329815659973585,-10.516490562412317
-0.002509519324420427,-0.0009702474677514854,-10.516196646336821
-0.0018315238264648495,-0.0007078246532963811,-10.51598211357096
-0.0013366595229098131,-0.0005163016151732604,-10.515825518762547
-0.0009754533057451041,-0.000376523333270646,-10.515711210165092
-0.0007117975326726086,-0.0002745098689162672,-10.515627764437584
-0.0005193392796203102,-0.00020005822804380089,-10.51556684429866
-0.0003788449700663105,-0.00014572197106306917,-10.515522364813648
-0.0002762770499038166,-0.00010606641389508996,-10.515489884936517
-0.00020139029981475036,-7.712526253143216e-05,-10.515466163368671
-0.00014670725667878293,-5.60036451630786e-05,-10.51544883447102
-0.00010677058312719015,-4.058894600110705e-05,-10.515436171660758
-7.759717214980558e-05,-2.93392794082262e-05,-10.51542691478951
-5.628001733019197e-05,-2.1129297664083954e-05,-10.515420144149928
-4.0697416530978e-05,-1.5137750852453168e-05,-10.515415188491984
-2.930082172946725e-05,-1.076526089869052e-05,-10.515411557894621
-2.0959997483285274e-05,-7.574355089818873e-06,-10.51540889476055
-1.485010381201069e-05,-5.2458163547831206e-06,-10.51540693810748
-1.036905340165001e-05,-3.5466146043607557e-06,-10.515405497447626
-7.077471852583368e-06,-2.3066950157774294e-06,-10.515404433712861
-4.654543187565136e-06,-1.4019706562423628e-06,-10.515403645439525
-2.8662056422950475e-06,-7.418517549144494e-07,-10.515403058560828
-1.5415790398870272e-06,-2.602810930289559e-07,-10.5154026189707
-0.0009929397327079737,-1.580115855538551e-05,-3.352317107417824
-0.0010501999712394326,-1.485991034634897e-05,-10.95844730004087
-0.0002085919225167177,-2.0314726498512488e-06,-14.749436872105104
-5.055392912150402e-05,-6.270998532150292e-07,-9.354855483895903
-0.00035491360769904137,-4.811045753902754e-06,-8.522520298985443
-9.546913773944294e-06,-2.0270914742751534e-07,-12.476651780277047
0.0001999346881499658,2.8773871487241544e-06,-11.508633830914047
8.286086625549452e-05,1.4196605431809945e-06,-9.51547068566592
-2.7310462561900737e-05,2.9245583145782166e-07,-10.800025985870155
1.7173939699659292e-05,1.0811551983152718e-06,-11.295957686448933
2.2628159961090002e-05,1.0411934196324516e-06,-10.362854672142552
3.081142037268172e-05,1.3552846028719497e-06,-10.404114401488869
2.3025629897242144e-05,1.3116709986177298e-06,-10.43418481007459
1.737259901444801e-05,1.2510351722857934e-06,-10.456126512070446
0.0007437826731830485,0.0059056488470982955,-10.47206738748789
2.0650349765230964,0.5051279879503359,-11.009386823312186
2.9129252796606084,0.23961422093433327,-11.394837683074115
2.1257794556094307,0.17454692787608128,-11.15723536254483
1.5493848478136494,0.13568794218662333,-10.982505038873368
1.130791572888151,0.09903099682085065,-10.856234203485581
-2.092488141927808,0.09761628383896688,-9.6795547525412
-1.5294261127727888,0.06978658966333023,-9.904916167176749
-1.1164567755271513,0.05082320587675317,-10.069803305698988
-0.8148573750125772,0.037110961554323266,-10.190179871903744
-0.5947176172519217,0.02710567107890119,-10.278039151830093
-3.7487347995987825,0.08100405036189798,-9.195503191391165
-2.5526156307217382,0.07917998880107455,-9.574330194283398
-1.8536940100384032,0.061156836484997756,-9.834809898714695
-1.365915856762208,0.03944505413350139,-10.008760765185784
-0.9942061195693961,0.029738827065674,-10.148954388823652
-0.7150902249058184,0.0258274327790328,-10.254818797933602
-0.534661876717555,0.014165925759366055,-10.315201340142364
-0.40351754715141874,0.005854948971745606,-10.35867384601503
-0.30838769886078027,-2.3658459457173014e-05,-10.389764523178501
-0.23953152582198128,-0.004133045268727281,-10.411831280015388
-0.1898364849283285,-0.006955990945534017,-10.427327798676696
-1.5430467307193458,-0.9456520418536721,-10.57271697488023
-0.901364092610185,-0.5687631741583026,-10.601061368873507
-0.6580170163134444,-0.41793875860625784,-10.577925062968202
-0.4802505641886232,-0.3054616269158731,-10.561009076522234
-0.35050925049187265,-0.22311634111058543,-10.548664159866858
-0.25582071154660074,-0.16296697827086248,-10.539658692073992
-0.18671367577206874,-0.11904123021349305,-10.5330901251677
-0.13627671319458504,-0.08696257898432663,-10.528299389215668
-0.08055687879020489,-0.07627978202327589,-10.533500306185367
-0.03787708283595172,-0.069225093044153,-10.538034719322267
-0.005047375434597275,-0.06464051660867001,-10.542001639197826
0.02026944487343814,-0.061727343268660806,-10.545432196735918
0.03984206012482923,-0.05994272488158657,-10.548368653292231
0.046879826598976236,-0.04280524670346304,-10.548341743644002
0.07477547939414338,-0.044957943746878525,-7.036650519047294
0.07352341556178421,-0.00827063629732426,-7.60780948662696
-2.728248816495183,-0.021883262396245898,-8.369584572661868
-2.810783378746349,2.231156558168663,-6.683833154932206
-2.3682758707575133,1.7361104119914474,-7.385986375477501
-1.7293392033580162,1.2669529398523276,-8.23075682756968
-1.262215675149043,0.924439094796456,-8.847931075205805
-1.3404537668807048,0.728813619872586,-8.749919683150688
-144.2014978592426,-0.21376881914564816,0.6303846086628067
-172.19255189307654,3.460912492823491,11.274829900840231
-128.27300780333778,2.620807363738469,8.75418065182011
-145.09885775774944,5.004985397982538,21.102623717149626
-171.83054606612927,6.85895821808192,38.597529438319455
-127.6528452548535,5.126448943554851,28.77770981856168
-95.43258965144173,3.884034587070957,21.212631137062893
-195.81157971554174,11.578196319299998,42.77870747648249
-145.13577686176592,8.582488910240556,31.540362322712497
-109.50378986188299,6.4291701526032075,28.26026136910376
-77.22456783989733,4.740622200145969,14.583203189040931
-55.261175160803134,3.4368204238478435,8.231847653598933
-44.148209048151195,2.5872141269210793,5.906112740777945
-29.529403583532712,1.8268825159208602,-1.6483765340004686
-20.42723343436917,1.313147612738355,-3.6665267781606827
-18.72481686607971,1.0412316050302841,-2.776458040986626
-10.974456414307182,0.6970372593736179,-7.985352460477047
-6.757322880274834,0.4922080972266031,-7.483479324423492
-5.491206767422463,0.34961158457970964,-12.322732265739688
-4.654398142051591,0.2168748393281966,-8.105628894559878
-3.545925865190214,0.1665153361380137,-7.599905407122074
-2.8105311611806627,0.10328892453016493,-11.550530222991283
-2.169015776068635,0.061647396875310165,-11.099974495810212
-1.6475905647134974,0.04396741322205308,-8.822005584179092
-0.7261310937026377,0.06802974599475065,-10.000438506213854
-0.7079435502420721,0.018622890900590792,-10.350127012047547
-0.7088694445768012,0.010462626888733994,-9.713206786143747
0.4517220344330183,-0.033737845761661396,-10.356883496770694
-3.4234540288566677,0.06254855764491743,-9.336602671342332
0.394337393968633,-0.023916911154762757,-10.477569422207056
1.3296844199944315,-0.03714744916927868,-10.972703860070038
-2.962492410106462,0.059739831743589135,-9.570268295755968
0.7312574805750374,-0.023439829652582116,-10.601649079765934
1.5717264974306855,-0.036898981838276175,-11.09275359796261
-2.7855458331980203,0.05976475784354287,-9.658407544111311
0.8574612564624946,-0.023322361683589664,-10.636215264546836
1.6632178312474735,-0.036802779567368916,-11.130914170675792
-2.7185681925254186,0.059878989540314655,-9.708805448578568
0.90452970579741,-0.023236924802954022,-10.649901202764033
1.6991857911340218,-0.036733048445076244,-11.129875110648692
-2.6920736439296324,0.05996748926717417,-9.73540387645097
0.9242831701695562,-0.023193088230148082,-10.667782752748726
1.7161494931411236,-0.03668143477058878,-11.117613435454668
-2.6795884776175645,0.06001037945182824,-9.739772991906626
0.9355683255206806,-0.023190524241891435,-10.690005209174641
1.7260689276160925,-0.03665136440539327,-11.112606761092994
-2.6724366601508236,0.060016379183822265,-9.727770057163381
0.9431075326563283,-0.023214210200697492,-10.706109617809057
1.7313460010192059,-0.036668198113386646,-11.121106601111078
-2.6687781427647876,0.059972904031076704,-9.711610163238532
0.9466574645153156,-0.023253924176848725,-10.707741884633469
1.7321262148924284,-0.036724452344788196,-11.137507598483099
-2.6683800432943663,0.05990587922546849,-9.703554944230756
0.9459253606149027,-0.0232850522874539,-10.695900080984742
1.7295579145204503,-0.036766376382815935,-11.150574249723265
-2.670296003470419,0.059884539827212854,-9.70865228459728
0.942488988277395,-0.02328056097144733,-10.680106961084253
1.726187371747292,-0.03676278834678829,-11.152047868839531
-2.6726431249649716,0.059926084713897966,-9.722392901467988
0.9391909213909826,-0.023248793195375518,-10.671470975687912
1.7245599901530702,-0.03673300267520142,-11.14211163306955
-2.673655873545968,0.05998316724199951,-9.734778278190777
0.9383320867022413,-0.023221230614938873,-10.675165455010493
1.7256672319185191,-0.03670071477040739,-11.128550469848763
-2.672744301989335,0.06001936177912633,-9.737626154345635
0.9402914113652825,-0.02321670547912428,-10.687558881139948
1.7285308329339633,-0.036678669242082115,-11.120838701427976
-2.6706824745649,0.060028280319088426,-9.729932449969557
-5.8634304404153745,0.010666301777113939,-14.74215425519606
-3.1872436792154017,-0.01730975028497273,-13.045897147169399
-6.180975915251557,0.07089667196855784,-9.615328469333454
-1.813163198849633,-0.01073981076148417,-12.974219732294841
-0.19590000739075308,-0.028041788995276207,-11.932690373410303
-3.967593803456224,0.06210020897329223,-8.811938160585655
-0.1988448242764651,-0.01683650181204402,-12.38637748320785
0.9825998690164326,-0.03259528074915394,-11.50443513855257
-3.1073011734725497,0.05833714464755241,-8.500109495759748
0.42871463141833743,-0.019029396887406777,-12.15778610583423
1.440750626193525,-0.03430871258192493,-11.337877295364377
-2.7727378470248922,0.05664392723429863,-8.379268063368967
0.6725776127536727,-0.01970835015766252,-12.068591360136429
-142.08647154596204,6.425684692004745,-8.758212028506481
-166.66569796699264,3.9543066520107453,16.599472552447736
-194.50695853665715,1.8073459769025342,-26.59922574001287
-375.2057091679444,8.558708850465905,-61.30709478118969
-636.4919625021464,-2.507968037009249,-115.65589864812065
-665.9226480091104,3.8328409642360235,-166.8982607507163
-532.1748290490705,5.724722022597616,-143.181657627832
-388.2411973400809,4.179546693651799,-104.89441530486923
-283.32210597002256,3.219897343074266,-79.34918368293361
-206.78157887027868,2.34792392416018,-60.74946965887497
-150.9184459350632,1.713550622636273,-47.17758003748701
-110.14692771005517,1.250755257923265,-37.27290863190598
-80.39006027010034,0.9129830332303904,-30.044163125007177
-58.67219115202049,0.6664401507404254,-24.76832862730039
-42.821538646904735,0.48648251511500173,-20.917799216937304
-31.2530382329272,0.35512530175416135,-18.107517280697497
-22.809839977767968,0.2592419243948115,-16.0564527067628
-16.647624088847216,0.18925144703320074,-14.559497737589904
-12.150169005276753,0.1381607935986069,-13.466955863557242
-8.867729249659764,0.10086571375684177,-12.669572089376683
-6.471858664044432,-1.2771650986691923,-11.60636544048275
-2.9017488249734575,-13.2973528355938,-14.488581716096238
-1.9918100626134145,-1.4151611223949168,-12.949693509045645
-1.2622990743415121,-6.354511595849224,-11.952507968328872
-0.9219288265885087,-2.178525152691381,-11.827969922702788
-0.6721706040679867,-1.5844402652843042,-11.473214558256686
-0.49096253678326623,-1.158375773898942,-11.214323009776209
-0.35861187339904904,-0.8493840220924218,-11.025929012122
-0.26113698632465066,-0.6137931470704263,-10.887707956197339
-0.19095746709046768,-0.4501074027637245,-10.786987784134592
-0.1395196934086878,-0.33270062380413956,-10.714081911239695
-0.10133937331565039,-0.2363983077188467,-10.66007490580127
-0.07347879925250125,-0.1660824249938738,-10.620654584467488
-0.05328482454876281,-0.12171679937304197,-10.5923810312731
-0.038465610720862034,-0.08239475955237477,-10.571214529695608
-0.027726482672380176,-0.06064072759729357,-10.556299062327016
-0.019825701386999756,-0.03777265871133153,-10.544874374258383
-0.014119639360835996,-0.02807674232384804,-10.53707591627866
-0.00990604696622885,-0.01396850613853818,-10.5308397136011
-0.006877646078052124,-0.01070618522142481,-10.526833683791656
-0.004629646705167207,-0.0012586708181331653,-10.523360379817412
-0.0030247318160502466,-0.0014325048617307183,-10.521375722770406
-0.0018255161657091783,0.0055385522657963255,-10.51937319216181
-0.0009763211577143049,0.003526033558298892,-10.518466430583157
-0.0003376861464853794,0.009184556511436272,-10.51724635614789
0.00011131365937388517,0.006184762135852045,-10.516914873593413
-0.00025166024169214277,0.0006542702771907974,-10.516892310709405
-0.0006480840454050872,-0.0033049893503212255,-10.516819137769074
-0.0009388123553580473,-0.006193664191924452,-10.516766597298194
-0.0011506366577768972,-0.008304560033320859,-10.516729081010139
-0.001304122379236806,-0.009848929450875414,-10.516702547843575
-0.0014147026164890379,-0.010980297224298573,-10.516684054044523
-0.0014938124093340822,-0.01181047265939361,-10.516671445986656
-0.0015498704017089416,-0.012420954818882177,-10.516663146364788
-0.0015890561405916986,-0.012871172047009759,-10.516657999521474
-0.0011409677036502142,-0.009415046298070762,-10.516331592425631
-0.0004674422229620533,-0.00738258319068668,-10.51624881352293
4.226013686496697e-05,0.0012296666477052808,-10.515612615775758
5.1367936382680966e-05,0.0008785135803078053,-10.515568954566495
0.0004042865049956511,0.0001285986759189554,-10.515692761587614
0.0006753231492085113,0.00672914509634577,-10.515204211838894
0.00063038172433266,0.004846188386998126,-10.515324257360913
-4.9171750731854375e-05,-0.0002366344237554885,-10.515666684682241
0.0003334207837202673,-0.0006836374716490744,-10.515764730948073
0.00023681289649525974,-0.0005151423915934143,-10.515666363658966
-0.00034284810701638055,-0.004138374039490148,-10.515916880194265
-0.0006558887374884339,-0.005255857409399045,-10.515614789203546
-0.00010687524262324233,-0.004344424939211321,-10.515727447381462
6.216832718130704e-05,-0.003233418264895065,-10.51570674491038
0.00018605804933661532,-0.002421926126012628,-10.515691737561882
0.000819115026832541,-0.007885216507806724,-1.8208224105273025
0.00031722103242498177,-0.005825705666540532,-7.537545349460354
0.0003929406789848352,-0.004198331218490033,-14.00293130530003
0.0028143783049665435,-0.0056492447802302115,-9.932285845072595
0.01093144158367446,-0.003775274652386564,-7.701696480687955
0.017573383013717126,-0.00139587760433116,-11.954060677510398
0.0028543604217474722,-0.0004249313759903371,-12.144453392855478
-0.007300469381456903,-0.0028622811221183002,-9.856432226801351
-0.016200813209990526,-0.0011771013949587314,-10.452013049678706
-0.02215315696815688,-0.003211485229227226,-11.223224080755699
-0.02758662521837882,-0.0011755034668218187,-10.49621461737895
1.3800431946285936,-0.569918906603942,-10.974629695740699
1.0163461362649675,-0.4149199826905004,-10.85449675447988
0.7148892503439351,-0.2905352179013565,-10.752904743271623
0.5202037434995299,-0.22231270970109623,-10.68823709738463
0.37965242326179593,-0.16250891928046296,-10.641576089226811
0.2770841573038688,-0.11869177188856397,-10.60749040581626
0.20293235336696186,-0.0838115811311348,-10.582377517703073
0.1471552560407671,-0.06587516516184219,-10.564445446590549
0.10634197859993041,-0.052638755450088906,-10.551293538090434
0.07669359349828853,-0.04335043999028397,-10.541740531659675
0.05516177106422173,-0.036863055898780944,-10.53480323211035
0.039528208390337785,-0.032353646614717436,-10.529766896600819
0.02952982143347784,-0.01808689160355395,-10.525658937570165
0.022202084232964374,-0.007563486052543627,-10.522648360588018
0.01585236844156903,-0.007424084983861511,-10.52055705862251
0.011283320067145344,-0.009250889658850446,-10.519551803050419
0.00885484461035691,-0.0009408426735528844,-10.518169204183545
0.01336353001089773,-0.0018225560307914396,-10.523425526904807
0.00032694845915009693,-0.008007603023336536,-10.512540512054537
0.0032412609607475325,0.002634982010964824,-10.516349531822007
-0.007557089501690664,0.0021151377398310593,-10.506295441665289
-0.0156804283458152,0.0017928714630156112,-10.49861386208855
-0.021930537095560032,0.0016191574597371565,-10.492579114831205
-0.026815075701248654,0.0015569638536421803,-10.487747827550544
-0.030697998790769485,0.0015764195841482277,-10.48380231333049
-1.4328331305322983,-1.129555293899089,-10.588556661126772
-0.822840384693282,-0.5859650242762501,-10.629876322422202
-0.6007127321074586,-0.4304624702034299,-10.598951072877625
-0.43842853135574855,-0.3145994859068014,-10.576354283609625
-0.31998639714855526,-0.22978533452112526,-10.55986364951466
-0.23354434363448368,-0.16783425848721018,-10.547832501757851
-0.1704558424933682,-0.12259355798195146,-10.539055673073236
-0.14121286328308824,-0.07913794042073692,-10.525245515263236
-0.1217960478888043,-0.04526916206952475,-10.514068804169858
-0.10989106583917835,-0.01959649443266183,-10.504962820870352
-0.10290519619963062,-0.0002536930316773059,-10.497635627994931
-0.09916471038457061,0.01431596296980655,-10.491749515317375
-0.09752978525914566,0.02530510749890425,-10.48702026751228
-0.08834074266645588,0.003949470054738443,-10.4865894471722
-0.0922644417418128,0.021210518994836943,-10.482190213784662
-2.838811360541055,-0.07905241688243074,-9.901143486180862
-2.417675461346257,0.0673925470354939,-9.640543918579931
-1.765124272335818,0.04949245063285035,-9.869556319512427
-1.2883019690505386,0.03587442564571939,-10.0432831880384
-0.9402639110165487,0.025933679132034246,-10.170720567698307
-0.6862504595350393,0.018721917700735245,-10.263798971252635
-0.5008610786180988,0.013497994261621467,-10.331744260441436
-0.36555625538356207,0.009717667467261742,-10.381339775838805
-0.2668051809453363,0.006984712221538975,-10.41754125043251
-0.19473253676917285,0.005011112740939745,-10.443966244974991
-0.12412774109722063,-0.008745807414624919,-10.471883378541309
-0.46971730582402377,-0.0014873390405597377,-9.894888249202772
-56.880165532628936,6.7036597256888895,-0.7277383072337518
-111.91952410077388,11.471386310652779,9.293716687948232
-144.61467272066747,13.472461175352883,27.386782144114974
-188.3184556972033,24.719650070367905,42.69069508007509
-264.74328883918133,30.480219729422192,58.05616848081455
-196.47823043569707,22.349886905315106,42.27736932268131
-142.65498718895,16.269468786660653,29.464252180023955
-103.61251489891607,10.29663448346087,20.313348122087096
-78.37683244635578,7.6547214832904125,13.297489686045001
-57.20256224107402,5.588144014280118,6.86431385410594
-41.74893180264087,4.078777167851758,2.169088510595972
-30.470217617087883,2.977031636690274,-1.2576951612606666
-22.238516491481377,2.1728873064209493,-3.7587142146327173
-16.230657444824924,1.5859613987116927,-5.584069363539601
-11.845856199671736,1.157577299891744,-6.9162950147250655
-8.645935149067284,0.8447965916257529,-5.990585751485811
-8.942453607940076,0.37996543101328556,-3.9133928759186536
-5.3067377187423315,1.7131514183252676,-2.041496306958474
-3.8734570009643567,1.2480747344596388,-2.9326270193208073
-2.8269785144021995,0.9105287207906299,-8.586548298385729
-2.0630508100605613,0.6643967321655307,-8.940212865276687
-1.5057997149540459,0.4848026950347449,-7.759595490939068
-1.09908579763983,0.3537514887077955,-9.31701240806462
-0.8021382300008666,0.25812368475673136,-10.179058542965722
-0.5854192969299322,0.18834361114430803,-9.746489631029755
-0.4272494204376476,0.13742579554800471,-9.954274463672487
-0.31182545785091537,0.10027158570588621,-10.105873836701958
-0.2275838667478864,0.07316109793357672,-10.216511669227195
-0.16610046481240004,0.05337956653056522,-10.297259271510974
-0.12122714200348778,0.038945931978700284,-10.356192294516735
-0.08847661223443526,0.0284145749095404,-10.399204155871457
-0.06457382917275523,0.02073061020604043,-10.430596066178413
-0.0471285167137431,0.015124284808589045,-10.453507229778548
-0.034396146905559574,0.01103391434755157,-10.470228774412947
-0.025103487396620314,0.008049646121269427,-10.482432865189189
-0.01832127800251201,0.005872420867725917,-10.491339921326546
-0.013371304319086019,0.004284025732117033,-10.49784065811096
-0.009758576046591215,0.003125240973080433,-10.502585158485513
-0.0071218279201709315,0.00227989330771871,-10.506047881377672
-0.005197392801108159,0.0016632193990165282,-10.508575107615487
-0.0037928350375904052,0.0012133746428439345,-10.510419568135498
-0.00276770679772064,0.000885237216656071,-10.511765716931228
-0.0020195031111905353,0.0006458868537625895,-10.51274817661298
-0.0014734114529627801,0.00047130598586946483,-10.513465200622967
-0.0010748304166768477,0.0003439724848356998,-10.513988498573326
-0.0007839095100539417,0.0002511034738584567,-10.514370407312894
-0.0005715640889949916,0.00018337354976637687,-10.514649124503778
-0.00041656695087495006,0.00013397997752322542,-10.514852528449861
-0.0003034255825904,9.796032590769187e-05,-10.515000965980564
-0.0002208327979627882,7.16947884111283e-05,-10.515109287045167
-0.0001605361995516624,5.2542938543490104e-05,-10.515188329805225
-0.0001165127861157425,3.857890462538091e-05,-10.515246004372058
-8.436667194487165e-05,2.8398025316076223e-05,-10.515288083927
-6.088955771646182e-05,2.097578633148312e-05,-10.515318781953066
-4.373989346470383e-05,1.5565030633026668e-05,-10.515341173622486
-3.120872308232065e-05,1.1620893264115498e-05,-10.51535750330943
-2.2048679598401164e-05,8.746042345643865e-06,-10.515369409050807
-1.5349451178357903e-05,6.65067033686113e-06,-10.5153780863795
-1.044662618364131e-05,5.123545167335703e-06,-10.515384407809387
-6.855263706694578e-06,4.010604784596937e-06,-10.515389010119598
-4.2214467349295385e-06,3.1995732260258285e-06,-10.51539235804396
-2.286818627671844e-06,2.6085557991846686e-06,-10.515394790814113
-8.628465601965745e-07,2.177882217114355e-06,-10.515396555945335
1.880893519303928e-07,1.8640229418727912e-06,-10.515397834101659
9.664312843500946e-07,1.635304293496735e-06,-10.515398757112612
1.5454727260259114e-06,1.4686194318709236e-06,-10.515399421211681
-2.731791870543939,0.03433467064622323,-9.183684792235923
-1.9929437463404032,0.029155837352194534,-9.401151726866265
-1.4544610901654935,0.021719919886794475,-9.68684252734042
-1.0615219403010612,0.01590036257667977,-9.909031095676658
-0.7747437609700327,0.011610731783351098,-10.072667751512775
-0.565440972507052,0.008475322517209744,-10.192255722428035
-0.4126826586770287,0.006186376261516862,-10.279553360936923
-0.30119294448124345,0.004515671464052737,-10.3432688360765
-0.219822859708232,0.00329625070795746,-10.389771371114037
-0.16043539969251625,0.0024062156806126033,-10.423710971688747
-0.11709182210888172,0.00175659218430868,-10.448481573672716
-0.08545777278933109,0.0012824399800140359,-10.466560237097816
-0.06236985016331046,0.0009363609242374664,-10.479754830726533
-0.04551926531136036,0.0006837602403719279,-10.489384816489276
-143.84712022546066,-1.1229134097892928,-7.3823627147534925
-225.62307176090417,-8.954650453160447,-23.92076685544493
-320.3240424936756,-13.711017681388412,-67.80788505577597
-233.55849479845148,-10.147650938727743,-51.78780008513081
-170.43358687694726,-7.398208140909835,-40.65677601925591
-124.38838137978452,-5.397907167832248,-32.51033890301422
-90.78403810757743,-3.939609635826985,-26.567297242559967
-66.25814185670984,-2.8755016607508805,-22.23061546881401
-48.358064101228294,-2.098859142331069,-19.06565805127869
-35.29380742996902,-1.5319959833965453,-16.75575395359299
-25.75682178131007,-1.113923354853186,-15.075410150811502
-18.800805499053546,-0.8117645239705213,-13.838942034504196
-13.72191709366319,-0.5921429534940845,-12.940937360741707
-10.032328024851905,-0.42018263555320584,-12.27747981390723
-10.361455057315911,-0.282673590461187,-17.929020125191897
-7.539250651099044,-0.22119906458068625,-15.577689769111782
-5.474903821271148,-0.17848687384446904,-10.601335701394587
-3.9725854383761945,-0.14402103682496156,-12.408478083088363
-2.8829049495699617,-0.10361127939051137,-13.910556692930037
-2.074450658435369,-0.08979840743951202,-10.811147290680259
-1.4947085784999388,-0.06584958837902921,-10.101545286016206
0.5207795580178209,-0.06496029492230555,-12.109252416938805
-2.982796874300661,-0.018189147040984892,-11.165319700161092
-5.53865923929468,0.016182917950594213,-9.775094083166058
-7.3960579718811275,0.0424497635660595,-8.774502259331944
-5.40050361904006,0.02936962599039404,-9.244306713010976
-3.9417667476019553,0.021313722637918614,-9.587657713875878
-2.8768956121068108,0.015574258840019086,-9.838288646192314
-2.099683866972718,0.0113882695952174,-10.021213550176371
-1.5362548469354382,0.043354060268184016,-10.153196826782308
-1.1195328748684368,0.03192913222231291,-10.252345806281413
-0.8173452187544843,0.023218808409266815,-10.323352923706347
-0.5965553133005607,0.016976106205697186,-10.375229192920223
-0.43539015914041745,0.01241783400472599,-10.413095715918029
-0.3177632772761801,0.009082886970440027,-10.440733202609092
1.2278466419554332,-0.07604776282918713,-11.00378284416518
0.8946925101386294,-0.056239465568884234,-10.871490804859329
0.6554436166492515,-0.040173604373568574,-10.77843805957251
0.47844678200495977,-0.029256011683736927,-10.707428012880765
0.34920240465578,-0.02132211004341319,-10.655554809493065
0.254867662655243,-0.015542375154885258,-10.617691041923118
-2.832650264628831,0.007794440248511662,-9.475267992607742
-2.079600423954927,0.002205978270343331,-9.745958352716746
-1.517607087373536,0.0006653152710195053,-9.954092614039112
-1.101005678091642,0.0009150448685394236,-10.110802979391204
-0.796478309983423,0.0009173217360129172,-10.225480095593658
-0.5726895102378916,0.0025022553045849077,-10.31168604893484
-0.40893811172962413,0.003525714892068427,-10.375080301843797
-0.2888966201054726,0.004132568899577888,-10.421999367681464
-0.20078820848286075,0.004439402539546792,-10.45686002688704
-0.13601012492223638,0.0045334411513335265,-10.482890066598797
1.884573126474816,0.6619730042421843,-11.148999898838838
0.23524744606768522,1.5328288622494526,-10.32227462886885
1.5028958845621876,-0.7673039186590533,-11.018333988064906
1.0941032212119173,-0.5643127106585547,-10.879177841789343
0.7984513948640726,-0.4117087482376699,-10.78065872023123
0.5828068843209384,-0.30007627916107,-10.708988871953265
0.42541313762170396,-0.21866212796877932,-10.656698165839519
0.31052872997938274,-0.1593120215809153,-10.61853363521726
0.22667173579978345,-0.11605269289413875,-10.590677921128316
0.1654618510587609,-0.08452551891982149,-10.570346253793073
0.12078234329358571,-0.06155164028090469,-10.555506234125637
0.08816863400112587,-0.04481290189519989,-10.544674481343831
0.06436202913040963,-0.03261894396000749,-10.536768314396946
-0.5947083671717164,0.8883886911568806,-4.587259234897323
-1.1439199319621105,0.3506488190497059,-5.191303649431538
-1.448285010478346,1.3702096921978075,-9.122316982694754
-1.7967779872060543,1.3996627016344243,-8.900906039688904
-0.10715443347052611,0.4286752813719009,-10.379301624318346
-0.535446995594728,0.5095667842820152,-9.975283906776736
-0.39036650865908323,0.3709789248527535,-10.12120466025031
-0.2848840985066471,0.2706621136378145,-10.227703553333328
-0.20792111157110943,0.19750058021252737,-10.305427797396387
-0.1517520423941876,0.14411824539196083,-10.362153423069444
-263.12528605202533,1.8853559881230408,-53.33479481887958
-198.119022520577,0.857407634484409,-36.70056648505859
-151.56843162800166,0.25052462142949783,-30.41968568532601
-117.48541530344303,0.20245196758181452,-18.774045409238823
-99.6460551425495,-0.4500048863244106,-11.722968041542249
-155.50119471501912,0.15436672908855664,-1.8459213318582428
-198.486626398068,0.8565849534225496,-0.947523823108124
-251.84700903763022,-0.45031059707442944,-12.821133498670363
-182.60187605326033,-3.1794335995153897,-12.18645118409652
-133.2719096471759,-2.321985026831666,-11.727267713168496
-97.26780031515702,-1.6945982945007958,-11.398390787012053
-70.99033141826645,-1.2366054746486679,-11.159586128792288
-51.81186112142024,-0.9023672409092622,-10.98549799693623
-37.81456990101679,-0.658455550365503,-10.858474207385518
-27.59873332190336,-0.4804632584174533,-10.765774750361247
-20.14276838468688,-0.35057705330636646,-10.69812256299183
-14.701078661826173,-0.2557968415253029,-10.648749860553835
-10.729495178170193,-0.18663533904091528,-10.612717723285819
-7.830859584428621,-0.13616892583491083,-10.586421665622865
-5.715109563200151,-1.4501633595275516,-10.08594902618356
-2.3381755506857385,-13.428844237316785,-13.382799809879243
-1.5915878893320898,-1.50819813989572,-12.1419714693526
-0.9708168543436724,-6.424894210873224,-11.360466152708636
-0.7080536267182193,-2.2279567278052594,-11.397265212170185
-0.5171903932444246,-1.6298628428107627,-11.15947652240574
-0.3767803009173283,-1.183659454585701,-10.985202000057567
-0.2753679424307081,-0.8660053837830252,-10.85814561014331
-0.2011546882872326,-0.6362150379906433,-10.766022370350065
-0.14721610990019868,-0.4664969496398454,-10.698162065950713
-0.1078359979241878,-0.34422906115880203,-10.649161884286396
-0.0791054970978289,-0.253441940835539,-10.612872364272842
-0.05808646980775244,-0.1888020115050405,-10.586926170781732
-0.04201766449884631,-0.13124192586398148,-10.567197413478947
-0.030289898414396065,-0.08921356425986217,-10.552796063223004
-0.021736269414514557,-0.058518369161313574,-10.542282406599062
-0.015499456565069559,-0.03609681610822512,-10.534606582231666
-0.010952927501156902,-0.0197160009263206,-10.529002269611896
-0.008486555855687054,-0.018176537028443723,-10.525653318339547
-0.006058448356734979,-0.013332465921184873,-10.522950334139097
-0.004825461025915348,-0.011969488141750853,-10.520754252506936
-0.004014583834322892,-0.012525333871494137,-10.51963620803355
-0.0027936046350361702,-0.009207897037808211,-10.518559054223138
-0.0025417688188527263,-0.010494416784579375,-10.518032325131118
-0.001484950967946025,-0.008170321267701182,-10.517491632433604
-0.0010911120201980208,-0.0059792011273551715,-10.516927121137485
-0.00040752762585871325,0.002261808897045258,-10.516097184713196
7.455588884521463e-05,0.0011408907569535247,-10.51607970582071
7.660379417091703e-05,0.0008161599822193346,-10.515910581497199
4.7187492088319305e-05,0.0005837026339186505,-10.515771667069322
2.702349126224075e-05,0.0004172333298562714,-10.515670338757378
1.3744863820162333e-05,0.000298018091530999,-10.51559666347769
4.249725671834212e-06,0.0002111843080452446,-10.515542907996126
-2.629629623776258e-06,0.00014780081441649707,-10.515503659724551
-8.783708159188333e-06,9.949825748265663e-05,-10.515474749946227
-1.1431221950057235e-05,5.8661151097111954e-05,-10.515455350420805
0.00036784844077491715,-0.0004644477216974161,-10.51561219622636
0.0002663636859246275,-0.0003404683267522319,-10.515554958180381
0.0001880286122231772,-0.0002565322147005444,-10.515512201872127
-0.00026478776874185766,-0.0024233011861735368,-10.51532434138394
-0.00019576701021570817,-0.0017708928981614203,-10.515344707278244
0.0002345358455547065,-0.001798836201935023,-10.515531652859263
0.00016928589489034437,-0.0013144166824259197,-10.515496114592585
0.0005674257581872368,0.005624787200490951,-10.515053187125288
0.00041110210681619266,0.004101964781163708,-10.515146605235225
0.000299999613689089,0.002994490561231907,-10.515215448867195
0.0002442383953493734,0.0021716016579682194,-10.515280099958973
0.0001772737432067137,0.0015842980875622728,-10.515312633667175
0.00012960941731153064,0.0011571754636235249,-10.515336628485251
0.00011996739943685098,0.0008306066274882448,-10.515368511131884
-0.0012430544187884355,0.009171180925337695,-2.4587402330942556
-0.0011325539866790593,0.006646823548737633,-9.23030307188476
-0.000574329723150336,0.004922010477878233,-14.437444288644686
-0.00037042114011501227,0.01100490302198372,-9.625169237743041
-3.223424139438627e-05,0.007435290864191719,-8.073237937801139
-7.394065202361001e-06,0.005435411569615594,-12.443546897667812
0.00010675141882423863,0.003987939153422916,-11.99408434356617
0.00034757903053275795,0.009852273166728185,-9.780475740263146
0.0008663133627553227,0.013580753104200158,-10.70749152694696
0.0036552143276113156,0.010512835824468282,-11.329791196528744
-0.0063538961834600696,0.005028314914505099,-10.470629599611268
-0.015221897866554247,0.004539931112524881,-10.472337290336917
-0.021091450173310503,0.0008628718541350356,-10.474075905702241
-0.026670327636383658,0.00161325084992168,-10.473885247220604
-0.7449369929485843,-0.23235026408282772,-9.849717876791301
-0.6054529412161707,-0.21952919720349928,-10.175914562560427
-0.4686182861085343,-0.14875533369589344,-10.257848957281938
-0.3326361129351504,-0.10686457571850824,-10.331476262726001
-0.24370043230622335,-0.07738566869243516,-10.381081614010913
-0.17790452291227993,-0.05666274905766659,-10.417382854126782
-0.12898074718404912,-0.03883090202415168,-10.443685907268547
-0.09520060011259725,-0.0328401018426929,-10.463203658730095
-0.07059505038552494,-0.028479379845275675,-10.47740480807238
-0.052460496460549066,-0.025762760769377665,-10.487827210652371
-0.0390905630485334,-0.02414010914690649,-10.495477411244389
-0.028870519607668177,-0.0213351636258939,-10.501247159459329
-0.021429005810535532,-0.0174813296258327,-10.504938891049795
-0.015934758554655672,-0.016595607435554497,-10.508163326740199
-0.011017229466068356,-0.006236464660361981,-10.509839329598375
-0.008393057606939168,-0.00656465101852622,-10.511210861329863
-0.0063320358850070995,-0.008795468697463739,-10.512771509328552
-0.004080784039548344,-0.0003266035824787093,-10.513177634176982
-0.003329504193603453,-0.0023112219557783124,-10.513647304281578
-0.012344849243576837,-0.001300995123123498,-10.504519350642832
-0.006183078390521458,0.007755215123327407,-10.510295091210471
-0.01472789604063525,0.005987636343761161,-10.501660948231544
-0.020635613238010574,0.0048074828280635605,-10.495712721129813
-0.025284183145815473,0.004015767666592825,-10.49092400135984
-0.029016795555032712,0.003505347934707499,-10.486981057141682
-0.03207350696237565,0.0031990786970582563,-10.483665844819518
-0.03462816771819914,0.0030400100349440747,-10.480820401527541
2.2174662857787393,1.2833270042595355,-11.208450686017589
1.6161677161294383,0.935821163720467,-11.02002138022574
1.1525857323954798,0.6949861286564853,-10.873776363601989
-2.4646373143668754,0.5214127735144544,-9.76743756996988
-1.7989511855134377,0.3802926082950856,-9.96955747619539
-1.3129743212284508,0.27746347864252013,-10.117024322599244
-0.957778335535808,0.20351649652890053,-10.224819107621636
-0.7001645194459194,0.14416175721175756,-10.30341470143678
-0.5120228077812209,0.10046321771434175,-10.360812170074343
-0.38247657123101475,0.06954233667081446,-27.68486762397769
1.1722178948696873,0.015139093745951203,-21.53109935776148
-1.303674600237654,2.7563727515384393,-21.429756851770712
0.6943834767610295,2.0628991124969023,-19.279689400413645
0.5071348495635337,1.5065487002489326,-16.911716386850443
0.3701309898665806,1.0997751639836832,-15.18363536187831
0.2698490930234902,0.8027108343203997,-13.0331496238123
-4.6071882155415675,9.747704334393543,-14.24598008855831
-6.609708138892051,1.6051587493318227,-12.675704247064203
-4.847825959046097,4.179033333196982,-11.722716585973606
-3.52073088665718,1.9384625395228308,-11.57632785012518
-5.919162836268273,1.4434459531170283,-10.203556669514857
-7.655431868061971,1.0851734734104481,-9.193360976525025
-5.588028141437575,0.7915297416728426,-9.550356926179722
-4.078459351205129,0.5776862518684364,-9.81105484915456
-2.9766431790328216,0.42164515258026714,-10.001336450306312
-2.172483111508339,0.3077542501805351,-10.140213775041529
-1.58966496251342,0.2596414255404882,-10.239916699629449
-1.1584265818282624,0.1898324420639613,-10.315584042895415
-0.8457222908816682,0.13847182652906243,-10.369499461033937
-0.6172652473930387,0.10109479542283316,-10.408908302550829
-0.45050554660428616,0.07381237098897095,-10.437676437302622
-0.3287957401030651,0.0538919961186847,-10.458673635094064
-0.23996730667827254,0.03934713455878038,-10.47399867804866
0.0004975216221671797,0.04779214939962015,-10.507066283364562
-4.353732660030134e-05,0.03472189828236195,-10.509211107316293
-6.626935805256745e-05,0.02536931389918709,-10.510872120788514
-4.770966219020878e-05,0.018546365211283874,-10.512093515855561
-3.155842659349328e-05,0.01355798003326817,-10.512986227338253
-2.0383587912584953e-05,0.00991065027522484,-10.513638194992653
-3.2870277412927242,0.04285712477057936,-9.403441831510168
-2.3996728243130083,0.03098393428129998,-9.703671955074842
-1.7514441138035783,0.022632245108575554,-9.922948304669843
-1.2782818700770149,0.016550268474863218,-10.083000206811956
-0.9329426228244576,0.012102772194601262,-10.19981488746342
-0.6808993447770062,0.008849702169331671,-10.285071860937197
-0.3036197483234277,0.041368547719665666,-10.37723206993563
-0.22266928073810105,0.02966827778092758,-10.4142729981592
-0.16260913559024276,0.021655342633179777,-10.441566384469983
-0.11868386503318903,0.01583833681845078,-10.461509316860534
-0.08661719854654051,0.011584897655077416,-10.476067137969569
-0.06321364854663652,0.008472952384691479,-10.486692682028735
-3.363142498639641,0.07407441495102746,-9.36637066669956
-2.4564799214735134,0.05313405399150168,-9.67624857451153
-1.7930022644675765,0.038752360895153035,-9.902908292432464
-1.3086217145168688,0.028316628398659012,-10.068371467982981
-0.9550861726535905,0.0206938954222061,-10.18913760949559
-0.697060037125854,0.015122413372919346,-10.277278784535868
1.1405791305743145,-0.00600390204111537,-10.94761545520524
2.3052802069523337,-0.08720349399190169,-11.330860996687704
1.6809190958059839,-0.057664306001146526,-11.109590964642146
1.225872887646566,-0.03617507459204182,-10.948115130348866
0.893774415710795,-0.020435972134511014,-10.830233599911827
0.6513459646937381,-0.008871539687169076,-10.744175766269903
0.47436235033091767,-0.0003606508286585503,-10.68134853381692
0.3451499823170201,0.005911241812302441,-10.63547893935044
0.25080925946802674,0.010540212355842998,-10.60198793322029
2.051292642557904,0.32165181296042267,-12.024206172616765
1.2363300389284462,-1.9317094498301315,-9.589485807140951
0.8957829040717538,-1.4057165188458205,-9.81828227459074
0.6533163829186073,-1.0256647833768007,-10.004894124417072
0.47678678598882784,-0.7487378370995983,-10.142659103284664
0.3479724752509826,-0.5466343196547562,-10.243324285856563
0.25395828938628034,-0.39910108396814614,-10.316806101659385
0.18534218487120646,-0.29139736215612927,-10.370441152703165
0.13526293040964849,-0.2127678833207542,-10.409590129954118
0.11640724885248299,-0.1675477702096224,-10.446844941295607
0.10457471788061673,-0.13530981364615988,-10.474523884060533
0.09784131280089697,-0.11245536313521931,-10.495474501431692
0.09447250034971448,-0.09628369945815807,-10.511374135539887
0.09325569770189601,-0.08487473343754912,-10.523464777689822
0.09336614916911416,-0.0768597024547523,-10.532679048911579
0.09449558876023297,-0.07146224318448445,-10.539770663596105
0.09645824512325916,-0.06501297605215248,-10.545372828879959
1.542212263223761,-0.10615342029770246,-11.243350619506915
1.3148594514887602,-0.08069357161973435,-11.073013211945971
1.1467217829796794,-0.05866569923834855,-10.948548896450514
1.0224756694624522,-0.04110051585796683,-10.85752550917221
0.9310656348198515,-0.027397669656588748,-10.790952293213456
-77.60698832067106,0.17755489748466202,-47.270842742570714
-97.67918163461471,1.7566271521593984,-18.0605305851477
-216.21104739741742,3.2776474303639125,-109.277692082249
-200.2003930139855,-0.365228612527015,-98.862016875209
-148.81418612536373,-0.1827317659909774,-72.39768510043453
-105.8166979124602,-0.1400521150178442,-59.02303791592693
-76.05952827408309,-0.11432858106368882,-45.63294018933167
-59.339271197154986,-0.010016303761641018,-33.41182761274033
-40.613013478606824,-0.06666041624886147,-30.337122826443043
-28.513274240446435,-0.06914927119976455,-24.605602698702217
-24.63471070329355,0.03163269442241633,-18.061576491414502
-15.282756707584557,-0.03881421097699779,-19.137328762540804
-10.026227812949937,-0.04870097189542242,-16.431338713043218
-11.199259535034521,0.046525133479502566,-11.902244539683508
-10.200850149340607,1.3847339100518663,-12.66743646426019
-8.472893278494679,9.606139048000157,-12.854477417083293
-4.800583764764077,1.6667337185278228,-11.393458387061425
-3.507354799368702,4.808473546430295,-10.961974029160993
-2.5597958853162828,0.9229351018459089,-11.208020760529797
-1.868316577363382,0.6735686961363122,-11.020833037997269
-1.3635880824927054,0.49150819999640505,-10.884266443342844
-0.9952111136039974,0.35864412039634885,-10.784602408272267
-0.7073982203101556,0.24892957742777178,-10.72058995223323
-0.4953253599342754,0.16811126133659088,-10.674607126976543
-0.33886377740704543,0.1085610874730416,-10.641702835631618
-0.2233138056142142,0.06466498957711964,-10.61822199939008
-0.13788408699011245,0.03228541256175013,-10.601516422981538
-0.0740270909445534,0.011174777400333333,-10.589923538815532
-0.02685493698712081,-0.0075360448656022,-10.581630837544703
0.008380138569337683,-0.018609567974150504,-10.575929422423311
0.005232641298623399,-0.013519820912512021,-10.559599363220016
0.20015511562392538,-0.00644830907168838,-10.574494870910694
0.14576806914180615,-0.004845057980448356,-10.558404146964676
0.30004279849318793,0.02951896831207955,-10.576266010093207
0.2178903452968099,0.020987234630099168,-10.559543005233714
0.15892608409545528,0.015314414180336529,-10.547592594508032
0.11598413092566093,0.01120853427993243,-10.538892921477482
0.08465174284686698,0.00820467671037972,-10.532545974345108
0.06178408384285062,0.006005103386337835,-10.527914251819459
-3.2417642335425487,0.039160715499073316,-9.421985975010738
-2.366644222437851,0.028272337928573234,-9.717210889640656
-1.7273405362400243,0.020650837164694527,-9.932830730484774
-1.2606914590958815,0.015103224681185832,-10.090213467267255
-0.9201056133860706,0.011046087274208936,-10.205079991946077
-0.6715314743696199,0.008078101363429633,-10.288915087520488
0.9660916065593443,-0.04749809977377875,-10.817454199419908
0.7045728329930758,-0.03489684792926283,-10.73572009052541
0.5141816672318767,-0.025447388356878826,-10.676186339161418
0.3752711739778075,-0.01854196868537996,-10.632747098313505
0.2738919325903619,-0.01351046166649398,-10.601044688526967
0.1999004767373806,-0.009844909680196948,-10.577907325055742
0.32176551283303834,0.012740343408350336,-10.582842582153045
0.23442578227352234,0.009129130494118171,-10.56451804677527
0.1710585101778327,0.006688636814669319,-10.551237955012184
0.1248461270564199,0.00491155285486077,-10.541554422399829
0.09112106877825024,0.003606167689195781,-10.534488196972806
0.06269829474141217,0.037661326017992915,-10.527837631998157
0.04744225475877404,0.027776863678504723,-10.525701716472902
0.03436926896956753,0.02018925036369476,-10.522853437859467
0.025063656988065088,0.014765515402229784,-10.520832758030641
0.018294276284457435,0.010804810099827625,-10.51936367248299
0.01335507391185365,0.007905885974859654,-10.518292402396769
-3.3113660958859232,0.0675105162901139,-9.387307471645922
-2.4187219838540335,0.04830522446156041,-9.691530735029396
-1.7654475901217888,0.03522343706011784,-9.914063152881157
-1.2546348828665357,0.2560803108436719,-9.53203957909146
-1.5508167502624888,1.3756666032931304,-12.302800387031905
-1.0988875943589236,0.907410835317729,-9.038010291701779
-0.8023839539785045,0.6621536855902309,-9.435920951108262
-0.5856487563553813,0.4832629582770646,-9.727438876053887
-0.42743399619310124,0.35270506701935944,-9.94030210900265
-0.3119589285574462,0.25741829387240817,-10.095667921832653
-0.22767989575747805,0.18787409988252868,-10.20906144323329
-0.1661693493745198,0.1371179872292673,-10.291821051124632
-0.12127626376518269,0.10007419015157293,-10.35222263136125
-0.08851133005717876,0.07303819082609984,-10.396306340049588
-0.06459805221482628,0.0533062792619325,-10.4284805515878
-234.84927859159487,10.305723396812166,-34.822613007876484
-416.3913851470129,6.0362379447472865,-137.77841103367655
-492.41382294331174,-6.350514098087094,-166.8660262018605
-363.9843012347506,-2.0282696980055324,-120.04121204461069
-328.0042951351764,2.205097860441998,-70.80426947632603
-236.66428227055638,1.5888386795240859,-57.77140111986743
-173.27515291496172,1.3031301867920575,-44.57278871256876
-127.12306048175708,0.4547238160696433,-34.7954084074733
-92.78031487785229,0.3332108158679473,-28.234986750707968
-67.71513991930264,0.24353112594053516,-23.447890294041258
-49.42147313446759,0.17794327925793907,-19.95407726414572
-36.069956931174744,0.13002848992403304,-17.40413732084108
-26.325436454078798,0.09502723284046585,-15.543082691800974
-19.213458836105296,0.06945741199915315,-14.184807369427388
-14.022826159936841,0.050775842739337176,-13.193481861737824
-10.62617553332512,-25.758128366330766,-11.754406952095552
-7.827395128867378,-7.921615550269777,-13.599744444004429
-5.695071502698534,-13.23865263394693,-12.97816152355657
-4.111304172518388,-5.193142648039954,-11.935766265408494
-1.556257507811488,-5.847666849878018,-11.896428277952818
-1.1599591628828096,-4.1528624279404776,-11.514891274926013
-0.8467242294204813,-3.030954517136617,-11.244876429294154
-0.6179840787324529,-2.2120700653067926,-11.047803447882925
-0.4510278842707473,-1.6144237896260931,-10.903970823471392
-0.3291763851453801,-1.1782479235480867,-10.798995967987445
-0.24024518101653017,-0.8599164679329884,-10.722381156528431
-0.1642229161100593,-0.6480391192270143,-10.669573462156071
-0.09326762365518029,-0.4605286553383284,-10.639083928781591
-0.06839589129764208,-0.33623578496257356,-10.605588941519098
-0.04994675574433813,-0.2453713597017806,-10.581215891899674
-0.03645354603095303,-0.1790538945585517,-10.563434361451131
-0.026603547071829443,-0.13066076278694308,-10.550457667514443
-0.023217832990221537,-0.06034400438215429,-10.53951901319158
-0.015265920592784844,-0.04376517435371741,-10.534224366383286
-0.011398122995494244,-0.03202610310181425,-10.529074669249262
-0.008340354703111117,-0.023343896509026303,-10.525373769971331
-0.006086386064820484,-0.017009327945764142,-10.522678318475348
-0.004439890527248256,-0.01239423532177546,-10.520711975294706
1.645727590889157,-0.02618636867742629,-11.137551419905328
1.198872964571053,-0.020153609764816633,-10.968878310563149
0.8747880212042802,-0.014764241494090054,-10.846317399471117
0.6384426086615758,-0.010744272136198899,-10.756912469608416
0.4659649227447973,-0.007814423754593043,-10.691665388076945
0.3400841176145552,-0.0056840839398511755,-10.64404601986277
-3.0728265294913375,0.05730216887391737,-9.484960451511013
-2.2446217329885068,0.04084976613342967,-9.762804920965744
-1.6383820649480736,0.029781257099951594,-9.966082659963693
-1.1957745826040185,0.02176759977135982,-10.114479455099527
-0.8727264821754483,0.015913300886916754,-10.222789635100444
-0.6369512592644971,0.01163277875767288,-10.301839868924567
-0.27072220242025136,0.04115197397192141,-10.389115960781393
-0.1986721649928809,0.029482161230714,-10.422952194596151
-0.14509729079249645,0.02151555158722295,-10.447901858126341
-0.1059038928161437,0.015735086319989537,-10.466133510648246
-0.07729045673860352,0.011508843998536558,-10.479442260062426
-0.05640709845738069,0.008416978589573867,-10.489156156115879
-3.329139090780129,0.040903134063225634,-9.372839342777255
-2.430416970427878,0.029538889473777467,-9.681340394343009
-1.7738840698137541,0.021574619603681525,-9.906650234039677
-1.294659992454865,0.01577731426528983,-10.071105202432577
-0.9448963138639699,0.011538006555376804,-10.191133371465206
-0.689623788964066,0.008437085314395165,-10.278735679223173
-0.3272266513949262,0.026373639474006748,-10.36453940729638
-0.2392378730181423,0.01907671443863405,-10.405190542205025
-0.17464158755985504,0.01394848826412387,-10.434953425903876
-0.12746041137576963,0.010210026356231234,-10.456684537363568
1.5929837532587519,0.39945425163252074,-9.912114207666958
-0.25296198058315733,0.38672467755756124,-10.646860807851187
1.7215327666651992,-0.3172707291259992,-11.944341720062763
1.259541013672635,-0.22380109608706183,-11.557058989633651
0.9192512525648284,-0.1634635702002729,-11.275456270395306
0.6708997290762763,-0.11937660076814496,-11.07009911806808
0.4896455471467058,-0.08717930852536245,-10.920240960415352
0.35736006428550066,-0.06366629776168127,-10.810870505020118
0.260813493472243,-0.046495224336329896,-10.731047588981282
0.19035044122314046,-0.03395545528788211,-10.672789469917827
0.13892407388822978,-0.024797781556611338,-10.630270221907592
0.12803860716283014,-0.03253593628269546,-10.610877281084262
-86.81070797538091,-6.435050813989077,-72.16460263448667
-69.09141504260508,-4.19618607395893,-53.395076887204695
-81.5713965892416,2.5998252905969537,-29.8456574614387
-187.47667654149802,-2.48886625944914,-108.47288271016814
-173.23557842260306,-3.9864865453812834,-122.03292732730294
-126.35224207402038,-2.9088574582734408,-91.87558939848115
-92.20377716115132,-2.1207846695045376,-69.89537690035034
-66.06154285356622,-0.9418645156114558,-54.93722148626719
-48.214954632477216,-0.6872365818679024,-42.93576850260055
-35.1893946062419,-0.5012798515028483,-34.17716284554273
-25.68276099070346,-0.36560356320039833,-27.784756692904924
-18.744405091977313,-0.26662846109401983,-23.11930033387344
-13.680489529181687,-0.1944314552031422,-19.71425138842218
-9.984622226763111,-0.14177075797543315,-17.229102842538992
-7.287771798884731,-0.10366518489135235,-13.289872487733343
-6.195960126260041,1.2751334429078443,-14.142329496999425
-4.516030391288055,7.864989784482693,-14.025382250063279
-3.2984523407311084,1.1845412685541774,-11.864813519084978
-2.4037425331717985,3.2471793952424304,-11.417466956645658
-1.7576591849067618,1.7716006224449654,-11.341930177407598
-1.2827860407240346,1.2931477135473866,-11.118625485751284
-0.9362329368091357,0.9438787248521213,-10.955648836573005
-0.6833063180782106,0.6889471056277716,-10.836703912340914
-0.4987096060112624,0.5028745883254094,-10.749894741563175
-0.36398276311086364,0.36706118994328507,-10.686539222430882
-0.26565310986931145,0.2679309775816472,-10.640300879829216
-0.1938877222813084,0.195575245617101,-10.60655514422439
-0.1415101042636946,0.14276189611555473,-10.58192685309984
-0.10328253423476172,0.10421239549946507,-10.563952705529859
-0.07538229320859972,0.07607405245662566,-10.550834909072176
-0.055019392989006405,0.05553485372876582,-10.541261382333495
-3.3538330999648367,0.08184734564556631,-9.444046446299932
-2.448947487795013,0.05889235026322223,-9.733353600914295
-1.7874545547612999,0.04295566393759949,-9.944622902104847
-1.3045700053483427,0.03138276780903122,-10.098821164536588
-0.9521304220751048,0.02293066530932869,-10.21136228443103
-0.6949044321112288,0.01675427623235617,-10.293500096222036
0.9566301782394051,-0.07754420829308946,-10.782920649464087
0.7258721889618462,-0.04456796957151711,-10.72242528274001
0.5294319273167483,-0.03272819596988178,-10.666435376262543
0.3863706251151188,-0.02387473673622574,-10.625626784221032
0.28198873226909915,-0.017403517968024248,-10.595847693938236
0.20580902922542665,-0.012686088778404912,-10.574114316784803
0.17084583277699747,0.027303274097899715,-10.566376831796847
0.12356540497123764,0.01915856798194237,-10.552385567423862
0.09007791219134914,0.013948343749168425,-10.542375699506264
0.06573426526511617,0.010201671631716787,-10.535086082231087
0.04797677149103227,0.0074642394984231865,-10.52976744945061
1.6857696592242828,0.03144400996305449,-11.119263250142565
1.2323102888168866,0.02266984635233619,-10.95763711978775
0.8991234661358339,0.01639547853928357,-10.838116020363097
0.656195104607837,0.011981428593782845,-10.75092764341351
0.47891965165461337,0.008765454140413454,-10.687297606668995
0.3457669766888666,0.041414689493320014,-10.639423819167437
-3.0923645410743754,0.060175492479771414,-9.478491022521347
-2.2576367164869118,0.043460981853745737,-9.75848867226855
-1.647787507579055,0.031711280268997284,-9.962961505640639
-1.202631609144678,0.02316636069774048,-10.112204621922388
-0.8777314137070609,0.016925306446675736,-10.221129934954067
0.7022017902511755,-0.04330692510088517,-10.802130001849392
0.5105241264395197,-0.032910344180144865,-10.724233991010983
0.37243380090514466,-0.02409782523134058,-10.667786457623555
0.27180423978100776,-0.01756799916434741,-10.62661503237669
0.19837569574024053,-0.012802084635307208,-10.59656882795992
-3.177527058867534,0.050945550471751234,-9.44043207554775
-0.5719311655495023,0.034909370888008294,-7.197021717057627
-0.41757073160828606,0.14306744123617837,-7.737327469390551
-3.0814817379862776,-0.012648912388339512,-8.45193992526494
-1.9493780702526873,1.300130521017536,-7.5411171478228125
-1.4227327733111488,0.9473118348324558,-8.344233634076724
-1.0383979669715053,0.6910620211108072,-8.93072924584632
-0.7578890724198686,0.5041999192912782,-9.358822515654277
-0.5531573005296051,0.36786459245314174,-9.671270967286409
-0.40373208215335515,0.2683883169200506,-9.899312085740684
-0.2946726858027084,0.19580676864415805,-10.06574810730021
-0.21747044327297027,0.13477442426019184,-10.186974197833893
-0.16031445309407816,0.09660525843477702,-10.275020784938082
-117.13593113954059,1.2417291233127343,-63.41849945203329
-88.68869349275217,-1.1587096185553272,-46.36785165127901
-68.46924843180335,-1.2114696956842985,-37.00971522926001
-190.81131957557886,-31.19446283318916,-148.9358482593409
-144.68250692738135,-23.245038938280416,-108.04593749194225
-166.09709090758062,-11.661460028199919,-160.12609915261035
-165.54768674150264,-8.772742832681685,-165.7563130292048
-120.7429125682645,-6.4029406346197675,-123.79506688456777
-88.10776995576786,-4.668208700303413,-93.19408875535308
-64.30285739225343,-3.4078686764226114,-70.85876731006282
-46.930798841071805,-2.4873141174066573,-54.55676835277177
-34.25212941102991,-1.8154216332000424,-42.65874057249309
-24.998708401605292,-1.3250261687783897,-33.975021716399866
-18.245158805733634,-0.9671003754034666,-27.63726120231673
-13.316023430263442,-0.7057901901633873,-23.011689251315843
-9.71860873619484,-0.5151438785394564,-19.635743412733888
-7.0930673239936795,-0.37600121103176964,-17.171828569229966
-5.17683327319492,-0.2744432544858454,-15.373555193250574
-5.137151731156219,-1.5510804013861725,-14.261813777914487
-3.7608287003157717,0.21873458659502765,-14.595595036414693
-2.7444681640839894,1.9743202056300329,-12.968264789066778
-2.0259884154998833,0.2097076642189044,-11.996992733045667
-1.478488943841897,0.1523117980551931,-11.88062936289397
-1.079059221417209,0.11110944684640767,-11.51186215212118
-0.7875474445421153,0.08107354463239509,-11.24267001410497
-0.5747886335338609,0.05915866213387605,-11.046195916085404
-0.4195076293650841,0.04316729177659836,-10.902799784951032
-0.30617665281214007,0.03149826340324717,-10.798142882696776
-0.22346267896735467,0.022983360543448524,-10.721759637850997
-0.1630943371687493,0.016770100553655094,-10.666011756047828
-0.11903481470595303,0.01223639049226191,-10.62532446831369
-0.08687818162920583,0.00892826504534027,-10.595629063171046
-0.0634087978534855,0.006514450877710796,-10.57395601664083
-0.046279749020917756,0.004753209224766518,-10.55813803999344
-0.03377815464977783,0.0034681389157523172,-10.546593350948394
-0.02465387990413524,0.0025305181602976513,-10.538167495444922
-0.01799452181481802,0.001846418415470908,-10.532017902331077
-0.013134168972696836,0.0013473005779987448,-10.52752962624104
-0.009586810179142688,0.0009831528033885984,-10.52425385304897
-0.0069977332116786745,0.0007174827486151706,-10.521863018525522
-0.005108053674266176,0.0005236633285229948,-10.52011805190271
-0.0037288263933567684,0.00038226602509886865,-10.518844468871052
-0.0027221509110107347,0.0002791149564425283,-10.517914923096244
-0.0019873814986780267,0.00020386709497105076,-10.51723647159116
-0.0014510623978869703,0.00014897598597331065,-10.516741280503382
-2.2678062862348507e-05,-0.003766483726420207,-10.516736948954186
-8.985820546012146e-05,-0.002798970348937488,-10.516373850058441
-7.538312686670737e-05,-0.0020499895489932756,-10.516111582969073
-5.688945406092687e-05,-0.0014986291582339804,-10.51592016811236
-4.227832362831088e-05,-0.0010952482009327828,-10.51578043506725
-3.1397790048645284e-05,-0.0008003349509582133,-10.515678436533454
-2.3370804191416816e-05,-0.0005847423954167944,-10.51560397802815
-1.744943072549277e-05,-0.0004271433225006049,-10.515549617724021
-1.3071588301590234e-05,-0.0003119418388855577,-10.515509925033273
-9.824556983042964e-06,-0.00022773407606834856,-10.51548093701793
-7.406371608128685e-06,-0.00016618229114667054,-10.51545976170379
-5.596350913104279e-06,-0.00012119117494413208,-10.515444288545195
-4.2329645188605535e-06,-8.8305078762255e-05,-10.515432977321911
0.0013719649017324828,0.004326373071144045,-10.515625172405779
-0.0007485650575779377,-0.0023065086642796795,-10.515238817482102
-0.0005782507529621885,-0.0018335888163562581,-10.515274362875912
-0.00042661774435890016,-0.0013711614596555006,-10.515307381944732
-0.0003118778091246102,-0.0010166626479073762,-10.515332778688274
-0.00022773439988656296,-0.000752738812184768,-10.515351438674896
-0.0001662567280929459,-0.0005570382257222084,-10.515365065767028
-0.0001213412166849568,-0.0004120115530205212,-10.515375006113759
-8.851265020548869e-05,-0.0003045495783974218,-10.515382252764706
-6.450729410079894e-05,-0.00022492594258717336,-10.515387532017398
-5.299965235011803e-06,-0.00010086928647590334,-8.14623375195777
0.00015252624331674796,-9.211419260092915e-06,-15.850212913993012
-0.0013306743836316113,-0.0005932316465357579,-15.475744340957009
-0.0013280855331440863,-0.0005656125533513331,-10.200711101907707
-0.0011046947986244739,-0.0004351999153853777,-11.198615333131704
-0.0007328678433374961,-0.00030632586802359395,-13.58346066307091
-0.000475660417154242,-0.00021782935616215202,-10.94096026217458
-0.000412885218375204,-0.0001740991934683842,-9.682241781869532
-0.0003074844068675771,-0.00012300369690812363,-11.549622105347334
-0.00019550276476036635,-8.338242069652396e-05,-11.443136067584676
-0.0003530948286044602,-0.00015305903371868685,-10.876542302579937
-0.0002576847124811303,-0.00011003851962807499,-10.779008010323754
-0.00018867575338261244,-7.948154518490804e-05,-10.707796584105768
-0.00013744796606707704,-5.726751263220388e-05,-10.655820204542193
-0.009195776798928135,-0.0028551237896570544,-10.609176922694033
-0.015790815546717057,-0.004752546178275493,-10.575107389072066
-0.020571178880054067,-0.006176750664458432,-10.550363365460418
-0.024357017717376323,-0.007087222574672313,-10.53193213601912
-0.02754224052642997,-0.007625207515973747,-10.517954281734092
-0.030275461843748158,-0.007897762819816845,-10.507243380154938
-0.03266382167596949,-0.00798131430757671,-10.498935503720478
-0.03478696815573096,-0.007930978403917755,-10.492398402044564
1.3444093618236006,-0.6958742307402996,-11.019160353881126
0.9902495562725275,-0.5068586791993831,-10.886904330015911
0.6959007702084353,-0.3576367084040942,-10.776547682532675
0.5062233803979086,-0.2517936928566731,-10.70570267571137
0.36943084881030597,-0.18398173134003135,-10.65430948127556
0.2696242669469925,-0.13436058376501286,-10.616783095381978
0.19752859789937377,-0.09529641427886962,-10.589178613405274
0.1431732751019547,-0.07420602103442325,-10.56938738753502
0.10340315356310811,-0.0586842597664006,-10.55488088288394
0.07451599835596781,-0.0477294391798017,-10.544338396062093
0.05353956596152375,-0.040026485014758674,-10.536678226842115
0.03831112191191292,-0.03463017546957935,-10.531113732964588
0.028674655772000165,-0.019779763309265043,-10.526663524716854
0.021611147240127023,-0.008830173091809161,-10.523403421786448
0.015412080405961346,-0.008335605937544437,-10.52109941731319
0.010938195829946465,-0.009898067403953983,-10.519935286512512
0.008635920134914956,-0.0014446613740343884,-10.51847046321296
0.005943662549878572,-0.003004664106416456,-10.51749879849748
0.005088817276257741,0.0034324154889837427,-10.516771227777658
0.004523455755542833,0.00810226407368558,-10.516275870926824
0.009634237658293725,0.004116450039670587,-10.52175562416213
-0.0028953704597497205,0.003189504613795946,-10.510233880963922
-0.012166645141159293,0.0025737017618789695,-10.501611638985942
-0.01924846407753235,0.0021818776328800128,-10.494895838549187
-0.02473852046152405,0.0019580954553675713,-10.489568355004593
-0.029063308152711548,0.0018580143920457484,-10.485260031139898
2.215991243187078,1.2683687164245674,-11.213531063678051
1.615109292938677,0.9249114471823332,-11.023731784800464
-1.5441224639156947,0.6065657107449443,-9.095920854483763
-1.8604707027814202,0.12366087198249615,-8.59246117124613
-1.358681499354947,0.08786968348649407,-9.090495090545222
-0.9916315831419051,0.06411785889612365,-9.473220013358025
-1.455468261130605,-0.3093289085302217,-9.130938168458146
-1.0725287550686995,-0.2312623030817617,-9.495738363440944
-1.5142911644281793,-0.5254953342405376,-9.147523225706106
-1.834933848256241,-0.7406982219996712,-8.897180133188012
-0.12059855418344023,0.03985858690889643,-10.403312744570469
-0.08709304391282818,0.02905647678652408,-10.433641810732265
-46.5640516914138,15.301573976694218,7.574941375784061
-97.531810905274,30.330040456197302,24.33569087487145
-172.983556505519,53.97388781177828,56.073812777422006
-163.3059190357262,58.250522930717146,66.37118613863512
-116.87926384408902,43.690433562511956,43.14030154303523
-85.30472520386246,31.881437731720997,28.635371315776695
-62.261010141086324,23.267873868296448,18.061981957946564
-45.44117713306785,16.982076665036686,10.342434089140415
-33.27796133554355,12.369898371445029,4.8231896676077035
-24.28869342598745,9.027489988199735,0.6801798343420726
-17.72698340518719,6.5888765583775335,-2.3443415993071244
-12.937898502283181,4.809080800536975,-4.551810186847913
-10.092604552346991,4.6691839331322695,-8.731652485620952
-7.6136576252335715,2.9956816567372564,-13.720541990730876
-8.949083491869375,2.118317255893237,-8.51641830203232
-10.002938584295658,1.5636991606897361,-6.976434878205074
-4.080756993701556,1.1022916923125408,-12.00743675722938
-2.0343512036536806,0.7868410173697257,-11.730070976420572
-5.490702697549972,0.6574447019785916,-9.102755690684514
-0.9949496056237237,0.4172503575007125,-10.611619951438097
0.2360798244860176,0.2865575384082175,-11.35752725507454
-3.7932110970596984,0.2939210970725404,-9.987835907021175
0.09743283242751977,0.1484982223665354,-10.775221877509399
1.1054789853606084,0.08794986149605663,-11.278043083291617
-3.1351979673075188,0.14920227037432385,-9.899396368665142
0.6031106440056453,0.044078490151521155,-10.812713881144067
1.4843011832545696,0.011942542071861136,-11.192232048148897
-2.8485072533975635,0.09378373277329016,-9.784611647818673
0.8151249119624637,0.0036225248321150177,-10.757861277239465
1.6381508525530153,-0.01759169041213723,-11.155654861121004
-2.7364753405397195,0.07218495075555187,-9.728461260112121
0.897270478269466,-0.01214032779238007,-10.726878600697438
1.6955423119675053,-0.029134751882818045,-11.15652753561503
-2.6947680330570036,0.0637344598377676,-9.708487276413535
0.9258808728025683,-0.01827738561741872,-10.698392132736485
1.7141523184336331,-0.03362802857021652,-11.16157743058832
-2.6811776060145616,0.06047977470925667,-9.713435460305602
0.9332192658100928,-0.020631295310879247,-10.675795083983564
1.7190378099734676,-0.035339683785819566,-11.155682735067511
-2.677430472790506,0.05928290030517832,-9.729358991299248
0.9344232630005993,-0.021509605032564764,-10.667691806752146
1.721387554517965,-0.035973177125262885,-11.139427808600443
-2.6755055260918965,0.05885539009930874,-9.741290575379915
0.9362651744952717,-0.02184149966721346,-10.675811093393003
1.7249631332122721,-0.0361974312401415,-11.123002168572413
-2.6728108557540624,0.058696974475985396,-9.74032994408012
0.9401709749303624,-0.02198392047907386,-10.692251868208773
1.7292388641848362,-0.036277996156529144,-11.116804811153964
-2.6697714618885158,0.058623391597997704,-9.727857535335625
0.944397277709474,-0.022062512126897194,-10.70482646032743
1.732063172707274,-0.03633669588613416,-11.123782365626354
-2.667880254843188,0.05855316369696539,-9.713154677234694
0.9464877847244684,-0.022120155118532443,-10.705304935072217
1.7319702645469854,-0.03640206427030719,-11.13789848212618
-2.6680967551607626,0.05848448357325242,-9.706238097960856
0.9453835041106653,-0.022155111664589555,-10.694446845925647
1.729400142065646,-0.03644383631441371,-11.148948320779965
-2.6700031829873674,0.05846412844129305,-9.710998277032914
0.942197944786392,-0.02215317438758245,-10.680603987565371
1.7263701089946442,-0.03644258168347834,-11.149778676226155
-2.672112311686617,0.0584998541448904,-9.723126217737146
0.9393034677675991,-0.02212638997681194,-10.673361325935671
1.7249861155082822,-0.036416821849107786,-11.140788186324395
-3.3705269914683393,0.16550812192634473,-6.710535062747509
-3.1390169505803636,0.01648313269994331,-11.20799134131886
-0.9363974225486218,-0.06501756702927901,-11.632007825748616
0.9632023179494704,-0.015509271440569107,-12.056712704285875
0.7047035934834216,-0.012035198553043028,-11.641725486392952
0.5140217151036081,-0.008943785494287242,-11.337376654634005
0.3751270613962696,-0.006504963376003543,-11.11530705197723
0.27378412162946275,-0.004720422377246002,-10.953237016774448
0.19982200201839329,-0.003425549089301985,-10.834952342878543
0.14427896344093258,-0.003285733776361255,-10.748488192437772
-80.25688001090111,0.4566662725223221,-50.70951401761931
-179.60214736612045,-3.1040166497284973,-121.74018607766313
-274.47792333825544,4.120500022689359,-184.10055235415084
-409.10873514255115,22.198383184169714,-177.57469952833287
-367.0625665088775,12.006941994981762,-193.45558570881437
-273.3956883696544,8.643481910002064,-152.38485377143215
-199.51558175036865,6.308609276728205,-114.0594046782355
-145.61227312719603,4.604324036242337,-86.0871490487893
-106.27381858602826,3.360383303789613,-65.67112736998605
-77.5632343229392,2.4524990022908675,-50.77048971486144
-56.609037115304034,1.7898957159939506,-39.89533111705318
-41.315752128404526,1.3063087881405018,-31.958161197224253
-30.15404386433396,0.953373866648463,-26.165266618404047
-22.00774058184326,0.6957927412820031,-21.93735842280479
-16.062211801162622,0.5078035961582281,-18.85164586386647
-11.722904595349233,0.37060463928337406,-16.599557702510737
-8.554395361501225,0.2704995911044592,-12.587048245775254
-6.101821220843599,-1.1532984687642018,-13.26362006737207
-4.708383505396629,-8.280072776911673,-13.664602440692972
-3.2950111295116153,-0.7140541795895237,-11.864695051040403
-2.3871183366445075,-3.4248078809601163,-11.28574821371657
-1.741825868522903,-1.7690988913454104,-11.453632646223856
-1.2712323740776794,-1.6814671611093905,-11.20022065200076
-0.9277994800223682,-1.2272451778949065,-11.015219289909659
-0.6771484650943896,-0.895726053099529,-10.880191485030798
-0.4942123888735839,-0.6537623774354064,-10.781641613686194
-0.3606976334221367,-0.4771616277285283,-10.709715504998513
-0.26325272662933147,-0.3482667388265449,-10.657220649109073
-0.19213316892584903,-0.25419055821370484,-10.6189075808593
-0.14022699707690153,-0.18552727971180866,-10.590945004392692
-0.10234359023858068,-0.13541198053682102,-10.570536671342795
-0.07469460732033999,-0.09883422030821631,-10.555641757022702
-0.05451515216036257,-0.07213706778869831,-10.544770778044576
-0.03978728337822128,-0.052651462830834356,-10.536836644055814
-0.02903821956769902,-0.03842935288078152,-10.53104594890186
-0.021193060840396256,-0.02804892084667264,-10.526819629920157
-0.015467298615142075,-0.020472428875331475,-10.5237350617621
-0.011288364482850304,-0.014942464616483731,-10.521483793883382
-0.008238373069086986,-0.01090621524405825,-10.519840705570788
-0.006012333571914106,-0.007960198164246148,-10.518641493797798
-0.004387650461319829,-0.005809922054432624,-10.517766243000965
-0.0032018638613980016,-0.004240444910997233,-10.517127433528588
-0.0023364034998990847,-0.003094885313293198,-10.516661189713604
-0.0017047316940774053,-0.0022587387599593786,-10.516320892223614
-0.0012436893862259888,-0.0016484304748522233,-10.516072516261756
-0.0009071804297086127,-0.0012029605758572535,-10.515891228998287
-0.0006615618661503827,-0.0008778059677107886,-10.515758906355567
-0.0004822795549119862,-0.0006404697520984282,-10.515662320558715
-0.00035141285246470977,-0.00046723265232492383,-10.515591817371856
-0.0002558824381166142,-0.00034078221641531056,-10.515540350739476
-0.00018614247118254378,-0.00024848194099552645,-10.515502778139336
-0.000135226001003357,-0.00018110850480057406,-10.515475346261734
-9.804818097476494e-05,-0.00013192973505863446,-10.51545531583013
1.6488890540588528,-0.010759325697829166,-11.176670930645487
1.2032029245108522,-0.008053490868843691,-10.998020422424988
0.8781194371877103,-0.005899219100207879,-10.867637274783785
0.6408864481405346,-0.00430963516307971,-10.772478488684188
0.4677469139636041,-0.0031472743178413334,-10.703027397902584
0.34138261166962314,-0.0022982462067548683,-10.652338943942539
0.24915651568100108,-0.001678161756644285,-10.615344290859046
0.18184591554480256,-0.0012252964430416971,-10.58834397146966
0.13271972324005138,-0.0008945617529846369,-10.56863795262008
0.09686530359765444,-0.0006530240545959621,-10.554255632626209
0.07069720162305718,-0.00047662879610554053,-10.5437587805739
0.05159859579085213,-0.0003478076074502968,-10.536097712810447
0.03778957510162749,-6.16801082201325e-05,-10.530609659179852
0.016397505675650098,-0.002461920557958681,-10.516128767311566
0.0007620631130933614,-0.003349266710520238,-3.355199838581699
2.1124215430953717,-0.6439246655778924,-11.27063507651273
1.5429233826085702,-0.4700368726194649,-15.002353199274673
1.1399583589141309,-0.33995517631442407,-9.548418068624215
-0.13630905668079563,-0.6863177757817306,-8.485484841465574
-0.1017364550738015,-0.4989774668077283,-12.585988664058817
-0.07400389401596268,-0.364223662689253,-11.58235726477677
-0.03438503826109399,-0.2794880434756388,-9.53988926322131
-0.006139834675414922,-0.21658205898254274,-10.840512289996724
0.01688322055187513,-0.171645822470279,-11.351323080524653
0.036421281951180336,-0.14018983856147232,-10.377591965243768
0.05102730510473744,-0.11700212441759697,-10.425634604205687
0.06265621055177326,-0.10039248165419914,-10.461069119598834
0.07217722419063075,-0.08871790716026798,-10.487302940305348
0.07972503608557277,-0.07786499478405595,-10.506695207695937
0.07716848925077531,-0.0570764394436452,-10.518234705007698
0.054413327473954935,-0.04826666991643231,-10.540169871047084
1.5157118995799985,-0.08211821446099116,-10.953012669933408
2.5805344754660666,-0.10887606097317815,-11.29897097724805
1.9166853800570345,-0.07500298005978201,-11.107991707604938
1.3995656663582297,-0.047700482087550095,-10.948034977934679
1.0124115316376239,-0.03670010496521947,-10.823025220076563
0.7475422826484442,-0.025000657140271075,-10.747828925493666
0.5548074272081047,-0.01662453580335694,-10.693658030420051
0.41467955012261315,-0.010659999513077514,-10.654796600162765
0.2820100802886876,-1.1377692399622041,-11.02960317843095
1.8412889411460314,-0.6308917413261343,-11.654982505108537
1.3437317585170316,-0.4627056670265626,-11.347108634616704
0.980714266236262,-0.3380787095932744,-11.12239166913749
0.7157665308196366,-0.24691417680220973,-10.958385985732782
0.5223939416763086,-0.18033301566756363,-10.83869196806012
0.38126142169914634,-0.13171388210655868,-10.751338003994396
0.2609246464176636,-0.08560655019102931,-10.679953305241295
0.17159309983345797,-0.04995091830362696,-10.626954469323717
0.10416572400477787,-0.022986434244707414,-10.587342861332127
0.05328189981531633,-0.002710692008251251,-10.55776581393807
0.014811616866211214,0.012531907360105926,-10.53565258880566
-0.014340099339370412,0.02400571808239896,-10.519089773051041
-0.03729592613588226,0.035179829386815756,-10.506324134653337
-0.05411891121120331,0.04884040834884076,-10.496595314520775
-0.06798379554252394,0.05459999279750536,-10.489244047468734
-0.05039027143556297,0.03989175429374327,-10.496289433520067
1.6050320476037172,0.01016170052875005,-11.224620569458825
2.813973872398592,-0.014059986857311961,-11.731171881241213
3.696935396319722,-0.032394591427715724,-12.080559445799334
2.697217658415876,-0.024284373866637295,-11.657518347369372
1.9684545475634263,-0.01774527999284964,-11.348950533366962
1.4366560026655462,-0.012927833210213808,-11.123760256582134
1.0485344979955489,-0.009416082561417807,-10.959408270160301
2.408642939984272,-0.024008232784271204,-11.509365095218248
0.9868248508416606,0.7732021889009142,-10.9660637259233
3.075882108058195,0.4967279623478783,-12.940069005660266
3.382345304987902,0.3425558664277648,-11.90372277453723
-1.3536824138667147,0.33543724919112694,-8.785936515293155
1.7029473434599924,0.18235366401369424,-12.368715931293373
2.367600351546032,0.1123904674397002,-11.490856242093505
-2.087812059300559,0.1635675676321656,-8.48858484118117
1.1670438488636647,0.058926204310893154,-12.151441062239485
1.976690693081592,0.022230862120129258,-11.332782277129548
-2.3729151216863595,0.09697185455447296,-8.373975204254045
-187.4396021355073,17.12715099286612,19.18113672302606
-194.50275294504547,19.2444352655934,28.758955929323108
-215.53236008671186,19.19668717803538,38.37231142077705
-292.82686021045595,34.082447564988975,67.04535282209373
-363.71133158836847,39.38219230771619,82.89062704949774
-331.76234063445173,35.637757607688954,85.58065695272555
-239.98168618067035,24.3335667669052,57.63455695574467
-175.16251759567442,17.75912681699391,39.23656220799765
-131.02811610534772,13.059288930624687,27.29760747440729
-98.67626143026261,9.511225785251732,18.483396289851363
-72.01851527079164,6.941125985370984,10.649280197948377
-52.56230896193439,5.06578014149585,4.931529183547847
-38.36229061953871,3.6971345884791704,0.758452388094339
-27.995864370097657,2.7058271716821354,-2.2875732534372175
-20.433439502854696,1.9674736725560193,-4.510813900379667
-14.91298826973844,1.4349955204914584,-6.133102572158027
-10.883911548575426,1.0471617576464929,-7.317224626153822
-7.942424491355201,0.7644106014264839,-5.812417338570256
-7.186691895894976,9.74384402283568,-8.117020032584696
-5.244828317833353,1.5436365369738336,-9.941906961385879
-3.8267822443696318,4.186601945228965,-9.166040853283318
-2.792014313276863,1.9327690305472043,-9.324134722707376
-2.037563040473569,1.410078129697651,-9.996562985549497
-1.4873074403288529,1.0290866806529404,-10.136688760106086
-1.0855165940705165,0.7511126730498958,-10.238995571993511
-0.7922544871543546,0.5482291789819576,-10.313666956946712
-0.5782185096726083,0.40014605970447303,-10.368166142637506
-0.4220067661688899,0.29206135734879374,-10.407942428690877
-3.618512557465162,0.2769263055150601,-9.33671133690627
-2.642871765413574,0.2011571943417894,-9.65460727345477
-1.9290412608731233,0.14678236093628777,-9.887115142889547
-1.407910451326547,0.1071605014328215,-10.056845596470174
-1.0275527523002992,0.0782369616844262,-10.180726053104129
-0.749950501653726,0.05711943491756184,-10.271140160798947
1.0973472359411833,0.02460919304827113,-10.966499263392228
0.7986585790619258,0.0169355816635178,-10.844036637592854
0.5826953906881365,0.012306874654425693,-10.75520174229932
0.42526113572242674,0.009013869120917535,-10.690412029484134
0.31037611155523376,0.006606171076093811,-10.643130288028981
0.22652890878489396,0.004840853700432985,-10.608622828373457
1.81025728723478,-0.013552983163545522,-11.205524920441174
1.3189690145139192,-0.010918563756112144,-11.018486852533504
0.96244073264494,-0.008022345848872264,-10.882522902884254
0.7024161591190254,-0.0058232042067048444,-10.783336445169693
0.5126562394258838,-0.004222508287242048,-10.710950467731392
0.37416205036682804,-0.003062344562569018,-10.658120842971458
1.9181967795822779,-0.019322511360883803,-11.235706363859746
1.3977448004689765,-0.01513084814550349,-11.040513213549076
1.0199346869623027,-0.011096786789684641,-10.898598490597031
0.7443779511225646,-0.008067060104600163,-10.795068995386528
0.5432819975806519,-0.00586016032158148,-10.719513291363986
0.39651427072760936,-0.004257566070936281,-10.664370265413517
1.9346658148352418,-0.020195801827769713,-11.235415595618349
1.4097619468976201,-0.015769402695349953,-11.040299848781304
1.0287052750057546,-0.011562946336948744,-10.898442589619563
0.7507792667355747,-0.008407282885401613,-10.79495511350591
0.5479541299672174,-0.006108462316795226,-10.719430086949751
0.39992436629363065,-0.0044387824258424035,-10.664309454095058
1.9372814984415645,-0.020328875742985218,-11.231411045736907
1.4116687823240603,-0.015867512956615197,-11.037376207123419
1.0300969282953558,-0.011634646401255952,-10.896308640391592
0.7517950883252507,-0.008459612188411117,-10.793397581248104
0.5486956657461017,-0.006146648475727866,-10.718293257300015
0.40046571366162287,-0.004466648060764256,-10.663479674430086
1.937780130991237,-0.020349912038129706,-11.227573096743514
1.4213172102404759,-0.001505705866112688,-11.043182079719813
1.0372991643543026,-0.0010470622861775611,-10.900649355620263
0.7570555964355434,-0.0007461384476806973,-10.796578029487891
0.5509173496489991,-0.0014194736603509984,-13.61594538032493
0.4074791703555144,0.00012722908642040964,-8.317931984466519
0.29729235535817256,2.6330128163450895e-05,-8.631603236355625
0.22361603475366107,0.0012357474057720713,-11.790068646811683
0.1695389760017013,0.0018372260735645062,-10.534177034565468
0.12655297828152925,0.0016991336862439727,-9.142960538979331
0.10206608232995265,0.0038252531642649756,-10.673199888093366
0.08413094918986078,0.0040798064341050645,-10.98168791423199
0.0712773193109475,0.004068183693337994,-10.250438878806294
0.06242234943775714,0.004073592779995313,-10.332393211213738
0.0566101443685846,0.0032570331909074456,-10.393090961559139
0.3737868463659029,0.5457705212263417,-9.924199225036679
0.27089725533219255,0.39759629049609757,-10.082909204901
0.2138170362199646,0.2744268274254072,-10.205221503738988
1.802335119756857,0.21696875378167724,-11.002752163679602
1.3152074835291616,0.15814358867752207,-10.8711519257583
0.959868705645729,0.11533382253360978,-10.775049092012438
0.7013524928169074,0.08679908163918207,-10.704727371790334
0.5124280318236981,0.06654210926747454,-10.653292008293583
0.37511819520589285,0.052943764986911813,-10.615987349639104
0.27475125268197786,0.04334034598329269,-10.58870064128394
0.2013933292550717,0.03664376677219462,-10.568750853299646
0.14776955235239642,0.03200008515456787,-10.5541633310906
0.10856782146416935,0.028801433307715948,-10.543495363927326
0.07894602137094929,0.01724479681053826,-10.536285816676664
0.058265855250066056,0.018205289737114546,-10.530417493227713
0.04315289315013501,0.018981660918155462,-10.526126144489604
0.03126321650840897,0.009967477296625239,-10.523632732260468
0.02344771977724319,0.013040208490599142,-10.521163880430127
0.024025971334578285,0.008398822212259335,-10.525633870085992
0.008059226027785828,-0.0005099553988202957,-10.514103946308543
0.014718742239805405,0.009103166916086779,-10.522409581379337
0.020533339650988306,0.006532694558043959,-10.530168532791974
0.025094943410134383,0.004596081415135876,-10.536253828124252
0.02875540587286607,0.003117031528987404,-10.541132199952278
0.031754647877413125,0.0019702133650584272,-10.545123703761057
0.034265041944140845,0.0010663636092521594,-10.548459271117592
0.354585608667624,0.7844068874203337,-10.146218864456959
0.2569135981937474,0.5717669385795742,-10.244987502219114
0.2036125557032677,0.4015413706428328,-10.32351108471117
1.7918095369635516,0.3097615609308935,-11.155915933649226
1.3075251147362148,0.22586590657837313,-10.982983807902686
0.9542600170469453,0.16476028256081993,-10.856674440402129
0.6972982674761972,0.12279090672197471,-10.764319810473552
0.5094992757814201,0.09274291550037367,-10.696799464621536
0.3729556172785094,0.07196958431782449,-10.647728191047904
0.2731896941948386,0.05716521657204677,-10.61187494605789
0.2002686217507357,0.046676211336915935,-10.585672446747157
0.14696296807121179,0.03926656878151272,-10.566521206930402
0.10799293384169206,0.03405073827614023,-10.552522267445518
-2.6388719745504066,0.1397573043520638,-9.098011152987002
-3.0546923709022935,-1.3835583985387307,-6.383455991179122
-2.6844699659790145,-0.8180410425035717,-7.044065710959617
-4.9917086903012216,-0.5766098728489109,-6.553858916365771
-3.644781776373322,-0.4213946628827387,-7.6237356289394
-2.660254663151259,-0.30760396889470265,-8.40493894795099
-1.9415830458520638,-0.22449617758398993,-8.975095362053306
-1.2497113704288874,-0.14273543832775776,-9.417154280957492
-0.7942026955587294,-0.03131950100453319,-9.734578072086721
-0.5689247216375704,-0.04526563265057997,-9.948640307601492
-0.22929496248917658,-0.034448663750640485,-10.127906320857972
0.01769984312139969,-0.02310094203437949,-10.258555270499253
0.01126902999505086,-0.01795801401157732,-10.327603304029603
0.008066055114377376,-0.013165464530123527,-10.37831845630751
0.005872476847627969,-0.009586517839483878,-10.415349890128951
0.004286697962659432,-0.006976251138839501,-10.442378525065626
2.066183926667418,-0.32550642475488345,-16.70948335679557
0.3243610096184084,-1.2272166616238915,-17.270748278516596
-119.61874317569932,0.06493401897807849,-133.06369916290825
-87.26361473184355,-0.5049856220782998,-106.68738185958225
-157.63617080309612,-3.2323151255057514,-158.1371699440054
-117.92630891819957,-2.615414777275556,-125.52018915378103
-101.06738211251945,-3.0210350603474385,-108.51759013644944
-73.72899672811732,-2.2031095260457834,-82.03981944025804
-53.805529819348735,-1.6073625682833539,-62.71805818536872
-39.26893444834086,-1.1728196109488946,-48.61539146297342
-28.66010208860747,-0.8557516928019597,-38.32244908657954
-20.91739181313838,-0.6243876044744585,-30.81018091523937
-15.266432830292832,-0.45556245824385266,-25.32739926315409
-11.142116611877078,-0.33237396150529275,-21.32582909546423
-8.132010026388539,-0.24248772570855628,-18.405311627296825
-5.9351022878931,-0.17690264838214803,-16.273793095716524
-4.636008308118127,1.0919365413437638,-13.005599241614389
-3.4539980852712295,2.147723937394283,-13.451606864750882
-2.519340827923752,0.2167218670401534,-13.707313255217912
-1.8395087771771013,-1.5904672223565481,-11.781966140546226
-1.3422002713247527,0.04435458991885044,-11.269523832642754
-0.9800958809042719,0.03289004982475486,-11.423647456476534
-0.7153267666796621,0.02411180762159059,-11.178303079962932
-0.5220888792522325,0.017665548305312553,-10.999215849689849
-0.38105300226285393,0.012944811484761093,-10.868508228904677
-0.2781170835864042,0.00948839020096194,-10.7731125619456
-0.20298861797131224,0.006957236154144017,-10.70348922465185
1.5018071855226203,0.048688175454649145,-11.261087992217197
1.0953841543527132,0.03502431474212334,-11.059496828396476
0.799396058297368,0.025555617425348964,-10.912494641052803
0.5834305647855479,0.01867941171861635,-10.805216211544092
0.42581445364016896,0.013655241476436895,-10.726920878733097
0.3107789670241149,0.009982025537779706,-10.669777898536385
-2.697467266048785,0.032548596832204325,-9.577107715207191
-1.9709629082984321,0.02229320492202949,-9.830151232467987
-1.4387108161372937,0.01615908048198982,-10.015238839992323
-1.0500546493023906,0.011810675427192732,-10.1503574424501
-0.7663769585070902,0.008639813720839646,-10.24897594844979
-0.5630773026606809,0.04131048840337312,-10.319527046267932
-3.7558639765242523,0.05999096739546518,-9.251780550409801
-2.7418904964913593,0.043322341018279545,-9.593026562945289
-2.0012185563411675,0.031609042577308705,-9.842200686542613
-1.460582278401557,0.023091192764159663,-10.024068674339338
-1.0659962409323862,0.01687008679287437,-10.156805014421746
-3.702155062216085,0.03741838058293927,-9.189464018512526
-2.7042358108337776,0.025841053439705768,-9.547228992462951
-1.973885520138959,0.01874794492174007,-9.808749187393751
-1.4406479049878462,0.013700177954478698,-9.999651852991247
-1.0514482957331976,0.010018914697702497,-10.138984041010893
0.8819430608042884,-0.009885123215816874,-10.848084263289506
2.119198500502762,-0.05898490394709922,-11.246550179614553
1.546132405739841,-0.04340554830843407,-11.048924558167773
1.1283828819383674,-0.03168005298162724,-10.904780752895595
0.8235399122178284,-0.02309998941936584,-10.799586038301811
0.6010568656512493,-0.016842782906201982,-10.722811285621459
0.5683311398306495,0.005347750737656101,-10.684204127232189
0.4133047481545913,0.002885504661000306,-10.638294945311634
0.3015131652472113,0.0020505618777584378,-10.605071007354208
0.22004619054107588,0.0015168578087005682,-10.580843338304133
0.1606002584315048,0.001125956644184274,-10.56316293835773
1.58130808975311,-0.08807650550018939,-11.04360128046563
1.181894148353862,-0.05223670939911365,-10.912728979694965
0.8622530233861248,-0.03833017996384043,-10.805326312746216
0.6292782172336865,-0.027964251708028832,-10.726995085725076
0.45927391040518384,-0.020388628978131762,-10.669830380164896
0.3462965332613836,-0.03530987664521126,-10.631213799140784
1.9024278268089239,-0.04688511858232988,-11.198566184970982
1.3866036897234872,-0.035371278943098654,-8.890932181111658
-3.830288138989622,0.4393376889189725,-8.422944390766126
-1.3304117090097916,0.2849756276808688,-9.664936402411016
0.5508623550288727,0.1154775577759829,-10.59878000801068
0.4015536551372929,0.08386398071895523,-10.57625393810987
0.29297748353785164,0.06118221431947468,-10.559755906062314
0.2138143460786242,0.044650048895035724,-10.547761347598389
0.15604919614127272,0.032585552766634863,-10.539017086583488
0.1138915267161072,0.023780688364340302,-10.532636757351735
0.08312340604995697,0.01735492062450978,-10.527980351938126
0.060667613789461894,0.01266549942886903,-10.5245819362184
-105.02713350687876,-4.970689962470641,-66.87604534712378
-238.28077214850558,-9.242550525126937,-125.02378537318428
-180.21262255457017,-6.034332221337254,-92.78020147148847
-135.69768537569334,-5.19685763388288,-71.87464983509464
-310.3432622630228,-0.8377562586642577,-225.78695705345228
-305.7854580864188,3.95871193871492,-257.02824214177167
-290.71368967226806,-7.4256422638429065,-250.50008232034307
-217.69521762542823,-5.797150606435356,-191.48732406927056
-158.86187698003923,-4.229593926046352,-142.59890737795436
-115.94117607275895,-3.0865258237583486,-106.91688694943068
-84.61851548321967,-2.2525550347338723,-80.87365066867903
-61.75824297558615,-1.64394934170855,-61.86596812694404
-45.073864119474024,-1.199781645461459,-47.99329937733194
-32.89687986779198,-0.8756192463802706,-37.868414027244874
-24.009584141200946,-0.6390389736992038,-30.478828757766024
-17.523246503859276,-0.46637817726478525,-25.08558575000761
-12.789233156286604,-0.3403672910325913,-21.149360803476846
-9.33414281636914,-0.24840253520764638,-18.276531445678053
-6.8124665035312235,-0.18128534877094066,-16.179814753560215
-4.972036632402311,-0.13230239603422744,-14.649539069585007
-6.37100484454214,-0.19995611833242422,-12.645023747712957
-4.929259238497993,9.287799226506433,-13.989070052167914
-3.6899399921885694,0.9777011124999255,-12.738264447814666
-2.482261357626659,3.976668849315531,-11.818700747340118
-1.8141893232169686,1.7449629572636556,-11.702997717423427
-1.3243492572984534,1.273721065052416,-11.381967153742128
-0.9665950913593222,0.9295529425708493,-11.147827531361086
-0.6874928147675075,0.6659820421058036,-10.985355887254924
-0.4817111729071878,0.47281487892683327,-10.867456501783092
-0.32966640779854917,0.33118979702967344,-10.782116915368213
-0.21719232869471816,0.22733710907002747,-10.720417812240788
-0.13388935477864877,0.15115896329704082,-10.675860556318797
-0.07192781410930202,0.08729401973526836,-10.644178958423058
-0.03446816688784895,0.06405647208834198,-10.618244556105566
0.002428101844534118,0.03083033510703248,-10.602386841512622
1.4657686408633903,-0.054936208801766515,-11.00541849747254
1.0693497091997952,-0.007012056502703361,-10.87305439698681
0.7796388306303962,-0.00552025010668303,-10.776110995116621
0.5689376203382088,-0.004047691491431163,-10.705648631233212
0.5444653545627673,0.013917910042244346,-10.671715295160945
0.39590051396918363,0.009154786388328123,-10.629184658009983
0.2888102846682488,0.006627529763232987,-10.598423053653345
0.21077340803954747,0.004857449595402788,-10.575992219969562
0.1538308928418764,0.003564063660095345,-10.559623189892399
0.10848761611148916,0.03760961321267186,-10.546257506253431
0.080858035565462,0.02773133591359564,-10.539141692120134
0.05875667536314288,0.020154188605979128,-10.532664570579357
0.0428608677485481,0.014739157544476121,-10.527994147204735
0.03128180949069328,0.010785119203449236,-10.524591012775584
0.02283244941265858,0.007891213743904911,-10.522108160215387
0.027746959431246807,-0.014663372938023805,-10.523399530236494
0.04682194135842768,0.0017446463681047887,-10.532424738150846
0.03384678963075814,0.0011498066484021837,-10.527744814900538
0.024674360512921184,0.0008670360487566956,-10.524401705314038
0.01800833390931042,0.0006615071033635819,-10.52196868721582
0.01314531706459162,0.000503304559692662,-10.520194012118777
0.02068623736385114,-0.020063691478327886,-10.522003754460666
0.041683019065866286,-0.0021953019894489466,-10.531411707779199
0.03009621500685171,-0.0017258896794416115,-10.527005167480743
0.021937373516153887,-0.0012316941425561708,-10.523861681770482
0.01601112259757583,-0.0008701666199968859,-10.521574372797375
0.011688014946616103,-0.0006145278480599508,-10.519906049642133
0.019622215461754695,-0.020878403484392908,-10.521792851762758
1.663848636707993,-0.036236147691338885,-11.124495196049217
1.213470331072148,-0.02703973710350801,-10.959777612296076
0.8855603904291127,-0.0197545375813518,-10.839712000353137
0.6463144385554611,-0.014395745402570811,-10.752095411967508
0.47170984347137956,-0.010488575845494334,-10.688150359557843
1.808346752059407,-0.09441929493715243,-11.131180600930096
1.3475521194846054,-0.056860780196326406,-10.976637448783343
0.9831600671737399,-0.04170139525840486,-10.85196981521416
2.395249715700633,0.4364649563692157,-10.467947291452335
3.591909308870078,0.22483083433935563,-12.908131867759096
2.6303216699413596,0.16695070112936738,-12.253345272706925
3.564210975462206,0.10339108957093948,-12.559712647785155
4.245638890291771,0.05382135275709082,-12.783861357637946
3.107959675419223,0.04181713280491803,-12.17759376373645
2.281362204162079,0.03501347731980285,-11.738993007770855
1.6779698423468012,0.030187120715165605,-11.418690235281789
1.2377371984610845,0.026618753650442674,-11.185065963913903
0.9167597888566208,0.023907140995899884,-11.014900639140674
0.6829155307745458,0.021792257955389444,-10.891156955992393
0.5127150050993237,0.020098478157230405,-10.801350004466777
0.3889885562361757,0.018705273625298537,-10.736338816907335
2.2522051881124803,0.725604711128101,-12.18716520264071
-72.29285935168687,-1.3655521279625176,-71.048929972388
-166.2946611597239,3.585441851187507,-131.57584367634618
-261.79058128862295,-8.677756076765078,-205.23937661924163
-327.3304184219293,-3.617920634027712,-287.39120289321187
-247.8316437548069,-5.77413330621304,-215.26517006833404
-181.6216102402098,-4.177385447244167,-160.2159579490228
-132.5277082363518,-3.04885119564645,-119.77540988236326
-96.72046474312447,-2.2252150791405674,-90.2594089329247
-70.59027900514327,-1.6240912395467009,-68.71632115090729
-51.51980616712362,-1.1853591416130835,-52.993021629553795
-37.60140287470935,-0.8651475297460431,-41.517435520075985
-27.443150649112525,-0.6314384289706644,-33.14204543946924
-20.029214339668318,-0.46086366224765546,-27.02931832164065
-14.61819907611152,-0.336367908984929,-22.567982274167328
-10.66900317949198,-0.24550327034495528,-19.311903815954327
-7.7867070461525145,-0.17918458299438988,-16.93547513344834
-5.70531310176086,-1.481557835608387,-13.072944264746116
-7.012778494666602,-13.456677738112683,-13.88052919034126
-5.125676968749434,-1.4240858626906938,-13.828217538414806
-3.7540188715981624,-6.461866391827425,-11.727070016899539
-2.764546613122523,-2.1651131890333106,-11.314580886357257
-2.040182690106792,-1.5662839766282022,-11.261841430438897
-1.5132199996199758,-1.1285870516414738,-11.049512745367915
-1.1296409518329769,-0.8088195594927727,-10.894148475095077
-0.8513409938233549,-0.5726467267177786,-10.780100884420033
-0.6482748951073481,-0.39481991179763676,-10.696463631618709
-0.5016386347134203,-0.26921639364439565,-10.635179990212626
-0.366911300469945,-0.1964387250807706,-10.602794717765104
-0.23798366917407912,-0.12910695565257002,-10.59129810733166
1.2965903247213921,-0.1425371274731778,-11.017618637940359
2.4182488603888475,-0.1542104136397802,-11.342566975509575
1.764343325270879,-0.1129255321850029,-11.118976984239728
1.2876379113709768,-0.08241769503830268,-10.955905368936476
0.9397707497052948,-0.06012865713499596,-10.836898668423235
0.6858872427328475,-0.04386661238921816,-10.750043609682828
-2.4238378314158187,-0.0066298061420208415,-9.625937824936043
-1.7712507811959817,-0.006303897981367787,-9.865788992436947
-1.2929512063596822,-0.00471204853911884,-10.041247842263534
-0.9436716792535615,-0.003421636099002332,-10.16933928142839
-0.6887328050905265,-0.0024771393408660287,-10.26282911276182
1.1465734319406904,-0.019034735544102965,-10.94145746714166
2.3120879048294913,-0.06566305010025641,-11.309858191216568
1.686912855527144,-0.04827836590706936,-11.095128982426555
1.23113113463608,-0.03523613290037745,-10.93850250302047
0.898530499890676,-0.025695204404368375,-10.824197433100313
0.6557886701875263,-0.018736772889983967,-10.740773558213286
0.6083020455475113,0.003740577461187375,-10.69734668943127
0.44248060159110336,0.0017152940978670084,-10.64788644541849
0.3228075670215598,0.0011969559849832742,-10.612071011102303
0.23558815223737084,0.0008940557747095254,-10.585952050117596
0.17194380303785256,0.0006715326370474083,-10.566891322657025
1.5894859022739736,-0.08901492052343908,-11.043221797908291
1.1878439275548522,-0.052931711202778654,-10.912440036935054
0.866596278460467,-0.0388365977627814,-10.80511503085656
0.6324484795551667,-0.028333602275562045,-10.726840689542577
0.4615880075036495,-0.020658051982710184,-10.669717536450243
0.34797902556926424,-0.03552928458370382,-10.631127372110644
1.9036233522721042,-0.04707021536018219,-11.199473810457217
1.3884620806221855,-0.03495468361268848,-11.014498068131367
1.0132771307215003,-0.02553232318990459,-10.879648868241848
0.7395283919880831,-0.01861299697264903,-10.781242719491752
0.5397421875031431,-0.013566729319533049,-10.709422988468567
1.7366958010968934,-0.06576755103747298,-11.170892810032589
1.2655346586453913,-0.04931493590867889,-10.993371070079961
0.9372525673075516,-0.031817944544469276,-10.87537740752505
0.6975683114530455,-0.018811701712161996,-10.78903376460875
0.5239398566328806,-0.00831775971592354,-16.837825414855054
-2.878811164242724,-0.01718582656212076,-11.289800602969844
-2.099497721903058,-0.02234780008999266,-7.489084005261429
-1.5312595876072375,-0.01196577431155698,-9.959411078024749
-1.1178876213296975,-0.010440761448882993,-12.18178828505505
-0.8160496860537427,-0.011692410915314753,-9.686818691928346
-0.595007971601601,-0.0024558205065051235,-9.20355707236188
-0.4436038180868643,-0.004710909836707632,-11.113000386180179
-0.3337376750430158,-0.0029318551229830228,-10.965495516263493
-0.25438211432228564,-0.0015197223338508003,-10.833249075816147
-0.19686014804050533,-0.00042009064901258513,-10.736042247038604
2.107806456480787,0.6231613787098579,-11.394578732719914
1.536168079863883,0.454028838445406,-11.155890875420011
1.0942768097656714,0.34336419517508515,-10.972913805793103
0.9903284118158079,0.2765422554078213,-10.871432279288863
0.7214372660691445,0.19952390276070187,-10.774752689139456
0.5265326225572623,0.14548111227408098,-10.704692901177486
0.3842884037826595,0.10610982404995253,-10.653553968106886
0.2793209282575911,0.07316785836190609,-10.616318788106051
0.20267963015427243,0.04905781828191054,-10.589104804018886
0.1468949067754461,0.031067085470926268,-10.569290920256467
0.10630816925781417,0.017590705197486508,-10.554870219443032
0.0767831315401577,0.007488164185811478,-10.544376002005665
0.05679392012219819,0.010938382360558309,-10.536352236822301
0.042173308385714446,0.013575268963659622,-10.530483536577862
0.030444134498969207,0.0061272041938498206,-10.526773301501434
0.02289837037263148,0.010206685100931381,-10.523473279133826
0.016347150845199453,0.0055055576915812214,-10.521146530942483
0.01165625454636847,0.00011969502782969467,-10.519982172573645
0.008284266773110806,-0.0018997701132096975,-10.518690736599833
0.01221374233689289,-0.002591445478183567,-10.523284197871368
0.01119824771508891,-0.004625417836166306,-10.524802345047226
-0.0015181152268285945,-0.0031989579713504078,-10.512776144097954
-0.011117644760564935,-0.0020802121767981756,-10.503573691882275
-0.018469225029761074,-0.001193451879470852,-10.49640306956358
-0.024172939623451205,-0.000477604387798683,-10.49072584247368
-0.028664742428364056,0.00011146727729855811,-10.486150805653276
-1.7851677261052121,-0.20512785680817291,-10.128744477839955
-1.3028441821845358,-0.1496887639294838,-10.232986989368007
-0.9416483408086078,-0.10783143112691423,-10.313304546898852
-0.7192940589799517,-0.057947949961893154,-10.355402195241254
-0.5266732942042751,-0.04497063871787368,-10.398132918039524
-0.38440535877753473,-0.033015077024037845,-10.429835172058796
-0.28006880834137304,-0.023166284465041268,-10.453131408092391
-0.20568621725072503,-0.02105670149758395,-10.469990517413484
-0.15123989730931256,-0.01998388742065039,-10.482340266391285
-0.11133433642377372,-0.019650748792743873,-10.491406413299973
-0.08150544366917219,-0.01636783705088443,-10.4978010131847
-0.05974147018024441,-0.014002915088737905,-10.502462393454719
-0.04395993070949547,-0.014000184059729491,-10.506326869602347
-0.031396299516854034,-0.0044172662789874785,-10.508542990691392
-2.776348432043919,-0.18108162023255625,-9.919521871222045
-3.1794409426839163,-1.638276935910479,-7.03383191987759
-1.136240519876389,-1.772702152207894,-8.988067699560444
-0.8287733352104891,-1.2939929295930777,-9.400094879699177
-0.6048390011367675,-0.9444597027294326,-9.701330191250506
-0.4414364568678864,-0.6893363164844294,-9.9212484503454
-0.32660338441146747,-0.5027176356666083,-10.080512882146804
-0.2383385919997123,-0.36691098558936663,-10.19800407170133
-0.17394563786628303,-0.2678098781083601,-10.283751999801375
-10.754267145957815,-0.22908367652749292,-6.411574673915055
-18.84229099491825,-0.153909941173165,-3.1659934981440627
-25.507801569657254,-0.1024808539107149,-2.3888424287207073
-340.07702872455434,-21.67980694765649,-86.04186704127713
-496.29919460741223,-15.47350210458489,-90.59501192484954
-365.10356239290013,-11.634362371039433,-67.80223088500367
-359.9933384096205,-11.15549327203686,-60.15986908660173
-259.0147507748148,-8.084308530678673,-51.98754419600243
-188.0987255032659,-5.912248213151427,-39.97559120672765
-141.0348591251118,-4.286272847962188,-29.298962725317544
-100.2300594567095,-3.1776294592756456,-27.335544939369306
-72.02134271980728,-2.3401608534896843,-22.41679332511598
-56.397186923670944,-1.6277828523162272,-16.466564857663727
-38.45844919502959,-1.2477372618036044,-17.97006199750995
-26.9383487977601,-0.9314806705180091,-15.580107374398818
-23.493926803053263,-0.5988597750528541,-11.4760527331626
-14.44386662681266,-0.4974489650247764,-14.328823547508104
-9.411588298480392,-0.3837689352060406,-12.922289387566849
-11.075613151566202,-0.19323622848508767,-9.657305065134224
-8.787851391515435,-9.399893840037056,-12.148254794793154
-9.679741141473498,-1.4585566308496913,-11.909350463242767
-7.067451248043105,-3.9702034115220526,-10.223958869308845
-5.15732023184643,-1.8042467616148405,-10.245790241283828
-3.745804583424446,-1.3296353743588059,-10.326991798244391
-2.7135599112715303,-0.9838780260340974,-10.387065040624798
-1.9583681775350295,-0.7320671052410873,-10.431621483051122
-1.4057264596266732,-0.5487325883873447,-10.464716125306984
-1.0011933487605487,-0.41529240480212415,-10.489335911719122
-0.7047288448988813,-0.32627504263641,-10.508192565055863
-0.4962264484292285,-0.23780931732404115,-10.519067463841276
-0.33448140393268955,-0.18951197987132967,-10.530090567768655
1.2228276243744023,-0.21579244894035451,-10.88810451770912
0.8918023521879953,-0.12442059285622027,-10.787272192545597
0.6500574414490004,-0.09121935348599387,-10.713505128060449
0.4856076957299881,-0.0872029593072664,-10.663072059722602
0.3808934068492805,-0.05132573006085523,-10.634318991756608
0.27766409753072063,-0.03758640384275662,-10.602111749459436
0.20262200683532944,-0.02740540561450836,-10.578678301970061
0.14788169239839366,-0.019973641772528083,-10.561582467612288
0.1079320155989936,-0.014557608945279923,-10.549106202434116
0.08989908801862898,-0.031083877466066393,-10.543124200149418
0.09218863565383217,-0.010292576562142726,-10.546807987785625
0.06695784536217736,-0.0076350885883099285,-10.53824202581098
0.04884035782664096,-0.005544608833028493,-10.532063087087629
0.035645756672194814,-0.004018072971387351,-10.527560384704342
0.026017854967982493,-0.002912116693938379,-10.524275157080623
0.03011962204097768,-0.022588348149353017,-10.525001616830993
0.048589188301206246,-0.0040816134625434805,-10.533593623618701
0.03513672936355055,-0.003102383836791719,-10.528597146762072
0.025616238029469586,-0.0022363973176859593,-10.525023611387052
0.01869615091078036,-0.0016035397213383662,-10.522422474942601
0.013647656825994139,-0.0011498449838722945,-10.520525101809834
0.021090216701657213,-0.021300162336368077,-10.522263766892566
0.042023466372905605,-0.003131610161205549,-10.531605529272557
0.03034445440111065,-0.002409365198424116,-10.527145763435332
0.022118885379272174,-0.001730605101843055,-10.523964144715146
0.016143937533800827,-0.001234372148233216,-10.521649069614943
0.011785243677398248,-0.0008803967612412536,-10.519960483153618
0.004733578714892908,0.03441136347326656,-10.5172312213816
0.005135134947463975,0.02536913538845243,-10.517960239856132
0.003490805948046985,0.018429666056660635,-10.517203841232035
0.002526775129304843,0.01348063668752094,-10.516709519000262
0.0018456152229339299,0.00986669686981441,-10.516354380989355
0.0013499410309253767,0.007220980483498073,-10.516096110344051
1.6540089856365163,-0.011988351172438537,-11.129828948057913
1.2049132570538972,-0.009803592853750324,-10.963242168959365
0.8791960388536544,-0.007211494857751681,-10.842203466678024
0.6416602290730837,-0.0052321993429748845,-10.753909606947959
0.46831386242509143,-0.0037915910922313853,-10.689473441205608
1.9169318076545023,-0.021871018836866856,-13.774661760453219
3.210389769359383,-0.005545457456556338,-8.726546322343216
2.342405386393816,-0.004361112516762555,-8.940948254948099
1.711240160172388,0.00014280022807471818,-12.007095656970076
1.2500730119414358,0.004780821801699752,-10.684594947039162
0.9130901273689023,0.008899290293839759,-9.263269517480493
0.6673774260055438,0.011679037258481545,-10.761485340021162
0.4867188010670058,0.006593829859543197,-11.042132082258647
0.3550163204587772,0.0007509497231850118,-10.299082088971556
0.2597444644798742,0.006597941040929104,-10.357288800738191
0.1891966009832033,0.00270263085529297,-10.399861629750488
0.1379101691553286,-0.002186011397323859,-10.431527347874688
0.10117298911686784,0.0047779146926993175,-10.453873737115174
0.07346821442366003,0.0012934294694644274,-10.470348364902128
0.054064919512442786,0.007340763521870295,-10.482168645290448
0.039803573215209,0.004857517988304454,-10.491306934282925
0.029493122202620806,0.009980431474044638,-10.497460426401666
0.021873388091665776,0.006780778059973687,-10.502468916627443
0.016394473674403345,0.011426882196186903,-10.505601644093202
0.01231582666954374,0.007833415291714512,-10.508411757712185
0.009491737512852797,0.012143335469779054,-10.509980848519717
-0.002771963845268649,0.009213410542697064,-10.502199887952827
0.0009577923961788968,0.007408551607090424,-10.509294455236027
-0.008340627980268623,0.0026683581550450376,-10.502242035657696
-0.016367817360043724,0.002487005629125901,-10.495699611698251
-0.022601759325848007,0.002440296899842537,-10.490443153564623
-0.027495135154490168,0.0024652798051658727,-10.486155009731016
-0.03062041152586766,-0.00048239869427509985,-10.483476263338712
2.2341072148748102,0.7413887672521556,-11.200703687649465
1.628340840229435,0.5403033652929949,-11.014390990513332
1.1613810192936687,0.40630542428318134,-10.869577538126391
1.0463081720501703,0.31562096255617034,-10.798662066330321
0.7636543350657579,0.2297677053045606,-10.722227339286208
0.5573405174741424,0.16758170558474716,-10.666356177166591
0.40763997939257124,0.12483823193474658,-10.62541311396094
0.298088276027506,0.09429007952079874,-10.595405703976668
0.21641929637591978,0.0644072579811562,-10.573858352370008
0.15696443295003115,0.042201585833185146,-10.55818090747524
0.11369140575755007,0.025669303991349323,-10.546776948029041
0.08219993878061349,0.013352114326334819,-10.538482921882814
0.06072358529028497,0.015240066476445612,-10.532039201256946
0.04502069818401304,0.01672802996181349,-10.527324513644613
0.032535536544805725,0.008425000333749419,-10.524473086446516
0.02440795383390766,0.011886374038253805,-10.52178430809588
0.017453866147677674,0.006731031861062602,-10.519919096279457
0.012473973143619536,0.0010167524415490995,-10.51909084465089
-0.0007294511428021198,0.0008080727889861872,-10.508574607378478
-0.010759693225567695,0.0008389887238487709,-10.500364207570772
-0.017095515049339906,-0.0060895793135114324,-10.495873298593956
-0.022772987087486957,-0.0041248765191191725,-10.490952503457818
-2.7455540926296043,-0.2975101614373529,-9.37077802702342
-6.262544393468842,-0.13399661718608807,-6.848220769582067
-1.7742082295961987,-0.1530680893634834,-11.12175357283574
-0.1620570582009102,-0.13269508726619747,-10.57962604306804
-3.9582134344814524,-0.01515870936428404,-7.828291209796937
-0.1807250612314144,-0.07141333840386387,-11.663233187675784
1.0016434952488977,-0.07299930200673128,-10.977854940166115
-3.1104304343141997,0.02733056868493007,-8.11995204039309
0.43764209251592945,-0.03952883828977026,-11.874971921046685
1.4530812508308202,-0.04984098300999185,-11.13265855288322
-2.780759104902133,0.043715584427806146,-8.233663563490872
0.6779252876560014,-0.026971577454114805,-11.95695560040048
1.4993994982789376,-0.04690479740725541,-10.999777838251617
-207.33410102388578,0.6649183056165441,-30.785671090111396
-157.20249630294597,-2.672326015122286,-22.550635325953962
-118.9608959766887,-1.9068869956993986,-14.99260351737981
-90.28017773913436,-1.4195846639518694,-6.742568662270465
-69.23123350311857,-1.0041878625768978,-3.3316664920274106
-221.8358293631754,-0.07496412105691763,-1.625467417176803
-226.36123047355892,0.1383500695745255,2.220562668569457
-164.1258461056394,0.09532975301874433,-0.7261973532763979
-123.63105929384756,0.07752586343078562,-0.5586173309762341
-87.48801536708595,0.03976983376100335,-6.42546912882119
-62.716737970527966,0.00846682927213327,-7.160041133698281
-49.613885697397066,0.08530408372554807,-5.333749997875641
-33.50240846800892,0.0028230834514307995,-9.842138767910246
-23.318043648728455,-0.018800807806810746,-9.648598862875762
-20.860176419050784,0.06727239536818487,-7.148964960200718
-12.51629628588948,-0.011272472948688328,-11.168146266438683
-8.001599062683578,-0.028967668822550783,-10.61608273022217
-10.486929703066473,0.31112262992615874,-8.26023602859388
-8.754530724341347,-2.1403599856655715,-10.457537197282315
-6.525806078366534,-0.21134559784565754,-11.138419185331903
-4.616669769508853,-0.1850605861090545,-9.689521614932946
-3.3691166436227253,-0.7052047274672829,-9.881457257964286
-2.4587906404116944,-0.29690175009545194,-10.052914623407675
-1.7944742930317066,-0.21674985527909127,-10.177902381650384
-1.3097068629666293,-0.1583090863436704,-10.269073109753737
-0.9545765998385762,-0.10974994192667997,-10.335335802121852
-0.698321830816351,-0.08179014772499484,-10.383304760330725
-0.5095754738786327,-0.059926732865023195,-10.419052720794173
-0.3719195469634874,-0.043803998047611994,-10.44508424839128
-0.27145017187123033,-0.03201189684439234,-10.464081919999419
-0.1981220223777697,-0.023393661049500504,-10.477947214416712
-0.14460301940863976,-0.01709569810176761,-10.488066777392023
-0.1055417912951859,-0.012493362359672619,-10.49545252401849
-0.07703263054989412,-0.009130099820753758,-10.500842988783653
-0.0562249482992469,-0.006672280865013252,-10.504777191754409
-0.041038233228044146,-0.004876113580514307,-10.50764853822775
-0.029954015568412887,-0.0035634540613200547,-10.509744156345423
-0.02186403301364059,-0.0026041280215888534,-10.511273607433631
-0.015959414497766444,-0.001903012720474696,-10.512389840523515
-0.011649800847444013,-0.0013905978348679152,-10.513204485967233
-0.008504314902188469,-0.0010160881324271472,-10.5137990175472
-0.006208478194532215,-0.0007423638728761234,-10.514232899210718
-0.004532766522206949,-0.0005422984098050501,-10.514549530908834
-0.003309660019741147,-0.00039606761067421557,-10.514780588248552
-0.0024168931440695578,-0.0002891835381540721,-10.514949189761793
-0.0017652293858942125,-0.00021105796637508966,-10.51507220861544
-0.001289538774370783,-0.00015395241535505602,-10.515161959726475
-0.0009422856099559939,-0.00011221112935490018,-10.515227431160655
-0.0006887755516272551,-8.17003398313862e-05,-10.515275182908093
-0.0005036866094730451,-5.939869411158952e-05,-10.515310002761915
-0.0003685372312189006,-4.309782281268135e-05,-10.515335385101102
-0.00026983842705964703,-3.1183444057783325e-05,-10.51535388028526
-0.00019774512379441058,-2.247575141663323e-05,-10.515367349678392
-0.0001450717655828885,-1.6112176419839618e-05,-10.51537715180857
-0.0001065738112791687,-1.1462277076713254e-05,-10.515384278166625
-7.842348385249929e-05,-8.065152618298619e-06,-10.51538945237249
-5.782696786354575e-05,-5.583915253096262e-06,-10.515393202552914
-4.2745099774406176e-05,-3.772216156344533e-06,-10.515395914152474
-3.1689603035507876e-05,-2.4499988188547346e-06,-10.515397868431476
-2.3574162575186672e-05,-1.4856446576162763e-06,-10.515399270690363
-1.7605869297556202e-05,-7.82815463821462e-07,-10.51540027073617
-1.3205979380856938e-05,-2.712352355635174e-07,-10.515400977896444
-9.952015829674257e-06,1.0057836192550007e-07,-10.515401471930478
-7.535717960821592e-06,3.7020718566990124e-07,-10.515401811027644
-5.73190689767337e-06,5.652139182055953e-07,-10.515402037660756
-4.376324089252415e-06,7.056815773622411e-07,-10.515402182775574
-3.348990341983281e-06,8.063378675310357e-07,-10.51540226900472
-0.0017239727669854223,-0.005444691988274051,-10.515086667147429
-0.0026974625233788727,-0.009635539275212214,-8.145909175324908
-0.0018470430195852614,-0.007106988693115143,-15.84997269534217
-0.0027919732881119983,-0.005804387144320452,-15.465016582156146
-0.0023954734214636105,-0.004384572362080926,-10.197939376184681
-0.0018842005046598685,-0.0032330997350514265,-11.2044682249589
-0.00130160108083366,-0.002355732265109575,-13.584052358139472
-0.0008910371665764116,-0.0017193736546234333,-10.943989161285208
-0.0007164938767164518,-0.0012742606012590319,-9.686814946723528
-0.000529336475768558,-0.0009291201314556986,-11.549354886406197
-0.00035772758426389113,-0.0006740889399417386,-11.442151659746443
-0.00046870932211984814,-0.0005859455172583075,-10.877256989526941
-0.0003422180452109847,-0.00042725510041739936,-10.779529935100246
-0.0002505639847027102,-0.00031194554348679105,-10.708177642374357
-0.00018283253205363044,-0.0002276290034855567,-10.656098428578256
-0.00013318885512769225,-0.0001659196547911966,-10.618088353273672
-9.689959065954735e-05,-0.00012074914980704732,-10.590346880791067
-7.038370555621372e-05,-8.76833362237799e-05,-10.570099922944635
-5.100584586245203e-05,-6.347770341114762e-05,-10.55532279471455
-3.6839180616518734e-05,-4.575758536092049e-05,-10.544537788423296
-2.6476947186202378e-05,-3.2784944785577236e-05,-10.536666407834886
-1.8892192255478716e-05,-2.3287615858731046e-05,-10.530921519139076
-1.3335371065562825e-05,-1.6334426530683097e-05,-10.5267286376142
-9.25933010624091e-06,-1.1243732658418594e-05,-10.52366847915854
-6.264661338477116e-06,-7.5165554592944495e-06,-10.521435031850308
0.006253838198419194,0.0011542046865112322,-10.525142738255518
0.010931358793342403,0.0018660936371264164,-10.527979428222766
0.017171470631712416,0.004093870197404521,-10.533408465378205
0.021885048451385312,0.005579788053676867,-10.537488379036219
0.025753035409168637,0.006540092862706933,-10.5409943043751
0.02898741747711081,0.007121957730630937,-10.544062683242716
0.031743758827089165,0.007432076316895448,-10.546792419297766
0.03413753658157448,0.0075478319135942225,-10.5492579738643
-0.5030845223726943,-0.27893338257500855,-10.766234168255064
-0.3656577996918081,-0.20277682773957412,-10.69887455302292
-0.25079987544044874,-0.16389674867195028,-10.654855463505712
-0.18393123874888354,-0.11881540870187807,-10.617207326858534
-0.134225969373627,-0.08703800244598989,-10.58975268383204
-0.09796737696486865,-0.0636155648025995,-10.569667720902393
-0.07088114156851963,-0.043299193500242056,-10.554717866297805
-0.0505708299876859,-0.027233471975533267,-10.544018600445623
-0.03592168696212174,-0.014999831484911649,-10.536152929012243
-0.025368939347273536,-0.005681659026025264,-10.530368374419252
-0.017731937125316517,0.00131242726107456,-10.526114544615586
-0.013306232939286015,-0.0027883279523608223,-10.523591561772333
-0.00902541520067637,0.0037176238009402644,-10.521132544720288
-0.006952799464595539,0.000731413702676769,-10.519443094504558
-0.00532488737822979,-0.0034220899452829293,-10.51876155310503
-0.003293973569960023,0.0035321849623580243,-10.517576301852626
-0.0027678820952935328,0.0005228894851207239,-10.516847557880787
-0.00221288665677161,-0.0036868253619524063,-10.516887644607367
0.005103597290048644,-0.10375874085236374,-9.166559599893263
-2.778499131659714,-0.02230560321929327,-9.382029453635637
-0.009846247522497631,1.1101876931725916,-11.448164666164804
-0.051958004093506316,0.580802508260618,-11.117624608079492
1.4433954949987355,0.37523406885177557,-11.659879464169912
1.0531089732617485,0.273791367539636,-11.350605305607143
0.7685623395704322,0.19976708119419428,-11.124951151438685
0.5613995587516432,0.1468621797657466,-10.960438685046391
0.4085995529855957,0.10284214945101607,-10.840272934818683
0.2971462300601251,0.07047659416269555,-10.752587818947463
0.21590506096989115,0.04657112360506646,-10.68862407555497
0.1566892855938424,0.028903422854367835,-10.641964897699141
0.11352909604752032,0.015839001843508033,-10.607929311794527
-4.088642857796991,2.235578996977725,-4.577547277007717
-9.859254988398533,1.7318775020186097,-2.666036385194233
-24.393833129179686,1.249033116179438,-8.728101617189136
-233.41074510302133,1.566774983177306,-51.80147524386426
-309.22944954174415,1.2452214306915654,-49.438695115372425
-280.1519867080173,1.4648975722462718,-31.087909311924104
-282.59593647374913,1.4865024171850656,-22.233633430534677
-292.0171780559985,1.393358527328994,-26.081676571581077
-213.01742815712572,1.0191412274027327,-19.2225675647643
-155.755944290974,0.6423102086935555,-16.554067144169824
-113.67766920105694,0.4686625261213563,-14.920186887075465
-82.9669909860996,0.34221938417438824,-13.729766703762717
-60.55295592066686,0.24992800283635488,-12.86130093362134
-44.19420479596559,0.18254102719091245,-12.22751331994845
-32.25487079312802,0.13333384013877714,-11.764958737131886
-23.541021806530523,0.09739974512957356,-11.427370555085126
-17.18127313938906,0.07115689121075121,-11.180986831625415
-12.539649976101643,0.05199033803015862,-11.001167457853708
-9.47840356296385,1.2584600545083942,-9.535306980762382
-6.12381105427778,-1.449646239256913,-11.695743170904954
-4.439188737105155,-0.35778813456948466,-12.054863395609654
-1.7348138891800216,0.006089866412591516,-10.604336959294585
-1.2695419143413411,-0.44852931710801636,-10.534793180647876
-0.9260294384221083,-0.3214751871563982,-10.529535223170779
-0.6762540820851084,-0.2367009082810313,-10.52559160423478
-0.49379037492329547,-0.17683872478822965,-10.523284962317828
-0.35983361738722686,-0.12276096448250204,-10.520841483460323
-0.262087362254316,-0.08321808898030486,-10.519049386826035
-0.19094077881247418,-0.06123755267180016,-10.518224517975655
-0.1389026161759785,-0.03827227954514952,-10.517099343158966
-0.10102896934455557,-0.028438965460586937,-10.516803655467482
-0.07330632701641454,-0.01426083970781522,-10.516053294467747
-0.05315032993454845,-0.010918491568407785,-10.516041654376654
-0.03837946090220928,-0.0014227369359915403,-10.515490899166638
-0.027656534462923398,-0.0015518312099441793,-10.515632245197214
-0.019784910281998705,0.00545140330296314,-10.515187354521538
-0.014847679867661077,0.0017557403946539063,-10.515084950007758
-0.0112483742702166,-0.0009230875466802609,-10.515007652754106
-0.008621503497346864,-0.0028808177783276093,-10.514951099887604
-0.006704525072124656,-0.00431285490123312,-10.514909667687158
-0.005305641031558417,-0.005361281330993879,-10.514879281857478
-0.00428487164883903,-0.006129747619204441,-10.514856964032065
-0.0035400615594749127,-0.006693892103467649,-10.51484053738838
-0.0029966569232831317,-0.007108914116605676,-10.514828412095609
-0.0026002463527774185,-0.007415097264226483,-10.51481942731859
-0.002412359684175585,-0.009175954669805336,-10.51529079018568
-0.0016262530316139222,-0.006763097524907325,-10.515386574678239
-0.0015996926108594097,-0.0071551435128888365,-10.51522627142701
-0.0016828281278557144,-0.00898938583623498,-10.515589482082234
-0.0010931520044031927,-0.0066270713175835124,-10.515604762605541
-0.00038068691556632553,0.0017442712925026362,-10.515153321916339
-0.00014144606902931757,0.0012086442545131688,-10.515286673729472
-0.0006296890179817399,-0.002870541977400169,-10.515632640931884
-9.23984519805495e-05,-0.0026017835950333645,-10.515738737646362
-7.425146963884016e-05,-0.0019151553040593632,-10.515647503579403
-0.0005863784375536444,-0.005139830578091942,-10.51589643130332
-0.0008401766926730897,-0.005972283002593337,-10.515597714746116
-0.00024355465951999666,-0.004862998529341684,-10.515713788440157
-3.892595529034017e-05,-0.003611523772781503,-10.515696232839483
-5.347107923992281e-06,-0.0026517682334170783,-10.515630502588673
1.957529217616848e-05,-0.0019508115400247294,-10.515582604598288
3.784362392601873e-05,-0.0014392005725689223,-10.51554764990821
0.0001676507239073094,-0.0011115966297823468,-10.51557521509908
-0.00028908788564127423,-0.0030291090409171164,-10.515362972437
-0.0002133372114967954,-0.002213078788307426,-10.515372758935051
-0.00016178491989494957,-0.001623340107016652,-10.515379050916053
0.00025505129473826066,-0.0016866451097495123,-10.515555007946865
0.00018449645504399468,-0.001232520364896906,-10.515513027309224
0.00013057855672138151,-0.0009131110767224243,-10.515483135347225
0.000525191732784831,-0.0012166450946962267,-8.274102536845128
0.0004393943895793714,-0.0008748473952010286,-15.943522226435473
-0.0001516261194292391,-0.0027695424684565637,-14.643965840656966
-0.0005708914494251907,-0.004371160130517157,-9.672559461614277
0.0023104390781835,-0.0026636568549347995,-11.480061790178867
0.01132265949142971,-0.000259922496147568,-13.510780930498804
0.018043538155130774,-0.00012645916486305053,-10.536788248521008
0.022938252005202036,0.0010254127867456763,-9.670498540453499
0.027357290509514645,0.0013489116092146693,-11.645396252749242
0.030706437566727075,0.00205521927087704,-11.363627868820869
2.011241462095619,0.465592740467188,-11.581346724655
1.4720798228098344,0.3353289201988114,-11.295256796392257
1.0904944487598218,0.22916319867771384,-11.089900575852873
2.4458822045504194,0.1834731889910133,-11.53176194211357
1.7835955936508594,0.13113621721072358,-11.256689986057806
1.301798417244879,0.09539564705238654,-11.056468059900169
0.9501112035061205,0.06953310842913882,-10.910296110697287
0.6941485519563427,0.05356425925080195,-10.803380441926084
0.5056517703162011,0.03437490377215643,-10.725738970855582
0.3679745845172102,0.02051209746127107,-10.669008690060211
0.26763144299186814,0.010021291934151903,-10.627650268597433
0.19450389331490453,0.0020728792415935643,-10.597499909430795
0.14121368661006112,-0.0039531947000894345,-10.575521550479591
0.10219099174573838,-0.008198276443587733,-10.559419501810636
0.07422449414232268,-0.007882093086563883,-10.54739254123131
0.0538565189827623,-0.00954527939818705,-10.539126810679056
0.039959952380651725,-0.0012101772916515863,-10.53246804667736
0.028806713172781644,-0.0028314281721087044,-10.527720999280454
0.01126261992153062,-0.0019503808366943636,-10.514884581350293
0.011154952728970475,0.006970816212389374,-10.517923007084333
0.014595983519089308,0.003196865952268089,-10.523084024377622
0.020518679051321945,0.002131903715671884,-10.530741668629403
0.02513261471272438,0.001295449834694628,-10.536719442415324
0.028825381664384093,0.0006239920620689889,-10.541512611353566
0.03184359612354136,7.028130265699251e-05,-10.545436501040614
0.034363753755751125,-0.00039734662095602784,-10.548717848731844
-0.6637126688472688,-1.141305011895747,-10.495654228525716
-0.4677763136821101,-0.8482957386239274,-10.506403536836038
-0.3399055087823336,-0.6178600602519588,-10.509303648247501
-0.22319539693527207,-0.4530949122072829,-10.523457068772137
-0.16285462184777766,-0.33128161811281287,-10.521367033223193
-0.11886442886496185,-0.24189236865477654,-10.519758642545533
-0.08625093063302824,-0.17552273658319886,-10.518758548265804
-0.061746780778446995,-0.12391367671798141,-10.517792281413856
-0.04402939321849583,-0.08573207727904157,-10.517029863065632
-0.031243713157325215,-0.05745434813744934,-10.516426523632555
-0.023189457606970262,-0.04559577736308163,-10.51651671382511
-0.017253670276218575,-0.037037970651592686,-10.516601358873693
-0.011887209881920033,-0.021368208478426316,-10.516038860194225
-0.009039772572281344,-0.01754274687366013,-10.515728088789913
-0.006869045422274319,-0.016711244924638435,-10.516040604544274
-0.004403000766216877,-0.006245821596556438,-10.515596863743086
-0.0035753413416129507,-0.006582034827879126,-10.515405657223317
-0.0028205917080142886,-0.008828924837527488,-10.515826695660063
-0.0014975431726760322,-0.000337583647781756,-10.515422961444022
-0.00037403405076030685,0.005619479122801022,-10.515239595066857
-0.009323174048572469,-0.002722037028129687,-10.506903831761111
-0.01655795802349856,-0.0016840232616734951,-10.499691764439904
-0.027560943165471054,-0.00283079563839355,-27.756579933740802
1.4278279854541522,-0.052496632029130005,-21.57728616095966
1.698572833391657,3.9503121935655203,-22.2692480740088
0.49800879643490625,3.2646800017017528,-18.489562829831122
-1.6274697754227143,2.451486322574307,-13.602384657688512
-1.7398844587017648,1.6727771857482232,-11.559702512189212
